0 6 5 b 0 0 0 0 0 0 0 6 0 1 0 3 0 0 1 4 0 0 0 c
0 1 7 4 0 0 0 0 0 0 0 6 0 1 0 3 0 0 0 2 0 0 5 0
0 7 4 1 0 0 0 0 0 0 0 6 0 1 0 3 0 0 0 3 0 0 4 5
0 4 8 8 0 0 0 0 0 0 0 6 0 1 0 3 0 0 0 9 0 0 6 5
0 a 3 2 0 0 0 0 0 0 0 6 0 1 0 3 0 0 0 e 0 0 4 4
0 9 7 c 0 0 0 0 0 0 0 6 0 1 0 3 0 0 1 2 0 0 2 0
0 1 e 1 0 0 0 0 0 0 0 6 0 1 0 3 0 0 0 5 0 0 2 e
0 6 5 6 0 0 0 0 0 0 0 6 0 1 0 3 0 0 1 4 0 0 0 3
0 7 9 3 0 0 0 0 0 0 0 6 0 1 0 3 0 0 1 4 0 0 0 6
0 7 7 a 0 0 0 0 0 0 0 6 0 1 0 3 0 0 1 4 0 0 1 a
0 8 f a 0 0 0 0 0 0 0 6 0 1 0 3 0 0 1 3 0 0 6 2
0 0 2 8 0 0 0 0 0 0 0 6 0 1 0 3 0 0 0 0 0 0 3 c
0 8 c 2 0 0 0 0 0 0 0 6 0 1 0 3 0 0 1 2 0 0 6 9
0 7 8 3 0 0 0 0 0 0 0 6 0 1 0 3 0 0 1 0 0 0 4 c
0 0 1 8 0 0 0 0 0 0 6 0 1 0 3 0 0 0 1 0 0 7 d 0
0 5 7 1 0 0 0 0 0 0 0 6 0 1 0 3 0 0 0 c 0 0 0 d
0 2 0 6 0 0 0 0 0 0 0 6 0 1 0 3 0 0 0 5 0 0 6 5
0 9 0 6 0 0 0 0 0 0 0 6 0 1 0 3 0 0 1 2 0 0 6 5
0 1 a b 0 0 0 0 0 0 0 6 0 1 0 3 0 0 0 5 0 0 5 f
0 6 8 1 0 0 0 0 0 0 0 6 0 1 0 3 0 0 1 2 0 0 0 b
0 7 0 b 0 0 0 0 0 0 0 6 0 1 0 3 0 0 0 9 0 0 5 9
0 5 8 c 0 0 0 0 0 0 0 6 0 1 0 3 0 0 0 f 0 0 1 7
0 0 f 0 0 0 0 0 0 0 0 6 0 1 0 3 0 0 0 1 0 0 3 0
0 8 d e 0 0 0 0 0 0 0 6 0 1 0 3 0 0 1 3 0 0 1 1
0 2 0 6 0 0 0 0 0 0 0 7 0 6 0 1 0 3 0 0 0 8 0 0 0
0 6 b f 0 0 0 0 0 0 0 6 0 1 0 3 0 0 1 6 0 0 6 c
0 1 1 7 0 0 0 0 0 0 0 6 0 1 0 3 0 0 0 4 0 0 6 a
0 3 e 9 0 0 0 0 0 0 0 6 0 1 0 3 0 0 0 6 0 0 6 d
0 0 d d 0 0 0 0 0 0 0 6 0 1 0 3 0 0 0 7 0 0 3 a
0 0 f 1 0 0 0 0 0 0 0 6 0 1 0 3 0 0 0 0 0 0 3 6
0 6 d 4 0 0 0 0 0 0 0 6 0 1 0 3 0 0 1 0 0 0 4 e
0 8 a 3 0 0 0 0 0 0 0 6 0 1 0 3 0 0 1 6 0 0 6 0
0 5 2 e 0 0 0 0 0 0 0 6 0 1 0 3 0 0 0 c 0 0 1 c
0 7 d 1 0 0 0 0 0 0 0 6 0 1 0 3 0 0 1 4 0 0 2 d
0 1 7 e 0 0 0 0 0 0 0 6 0 1 0 3 0 0 0 4 0 0 4 7
0 4 8 e 0 0 0 0 0 0 0 6 0 1 0 3 0 0 0 9 0 0 2 6
0 0 1 0 0 0 0 0 0 0 0 6 0 1 0 3 0 0 0 0 0 0 2 3
0 2 9 b 0 0 0 0 0 0 0 6 0 1 0 3 0 0 0 2 0 0 5 c
0 5 b c 0 0 0 0 0 0 0 6 0 1 0 3 0 0 0 1 0 0 6 8
0 5 a 0 0 0 0 0 0 0 0 6 0 1 0 3 0 0 0 c 0 0 3 e
0 3 3 e 0 0 0 0 0 0 0 6 0 1 0 3 0 0 0 6 0 0 6 f
0 1 0 4 0 0 0 0 0 0 0 6 0 1 0 3 0 0 0 4 0 0 1 a
0 0 6 8 0 0 0 0 0 0 0 6 0 1 0 3 0 0 0 1 0 0 1 2
0 4 0 f 0 0 0 0 0 0 0 6 0 1 0 3 0 0 0 2 0 0 5 d
0 6 1 d 0 0 0 0 0 0 0 6 0 1 0 3 0 0 1 6 0 0 4 1
0 5 6 0 0 0 0 0 0 0 0 6 0 1 0 3 0 0 0 c 0 0 2 7
0 2 8 a 0 0 0 0 0 0 0 6 0 1 0 3 0 0 0 5 0 0 6 1
0 4 b 1 0 0 0 0 0 0 0 6 0 1 0 3 0 0 0 f 0 0 5 2
0 8 3 8 0 0 0 0 0 0 0 6 0 1 0 3 0 0 1 4 0 0 1 5
0 0 f a 0 0 0 0 0 0 0 6 0 1 0 3 0 0 0 0 0 0 5 8
0 0 9 7 0 0 0 0 0 0 0 6 0 1 0 3 0 0 0 0 0 0 4 0
0 1 2 8 0 0 0 0 0 0 0 6 0 1 0 3 0 0 0 2 0 0 3 5
0 6 0 6 0 0 0 0 0 0 0 6 0 1 0 3 0 0 1 0 0 0 3 5
0 2 8 e 0 0 0 0 0 0 0 6 0 1 0 3 0 0 0 2 0 0 6 0
0 5 3 7 0 0 0 0 0 0 6 0 1 0 3 0 0 0 c 0 0 1 1 0
0 7 c 5 0 0 0 0 0 0 0 6 0 1 0 3 0 0 0 e 0 0 6 a
0 8 4 1 0 0 0 0 0 0 0 6 0 1 0 3 0 0 1 6 0 0 5 d
0 7 1 1 0 0 0 0 0 0 0 6 0 1 0 3 0 0 0 e 0 0 4 7
0 a 0 8 0 0 0 0 0 0 0 6 0 1 0 3 0 0 1 0 0 0 1 5
0 2 1 6 0 0 0 0 0 0 0 6 0 1 0 3 0 0 0 8 0 0 4 1
0 4 f 1 0 0 0 0 0 0 0 6 0 1 0 5 0 0 6 d 0 0 0 0
0 0 c 8 0 0 0 0 0 0 0 6 0 1 0 3 0 0 0 6 0 0 6 c
0 0 b 1 0 0 0 0 0 0 0 6 0 1 0 3 0 0 0 1 0 0 5 2
0 9 5 d 0 0 0 0 0 0 0 6 0 1 0 3 0 0 1 3 0 0 3 1
0 6 4 b 0 0 0 0 0 0 0 6 0 1 0 3 0 0 0 f 0 0 0 c
0 6 0 4 0 0 0 0 0 0 0 6 0 1 0 3 0 0 1 0 0 0 6 8
0 5 2 9 0 0 0 0 0 0 0 6 0 1 0 3 0 0 0 c 0 0 1 e
0 9 f 9 0 0 0 0 0 0 0 6 0 1 0 3 0 0 1 4 0 0 5 1
0 5 1 2 0 0 0 0 0 0 0 6 0 1 0 3 0 0 0 b 0 0 3 a
0 7 2 e 0 0 0 0 0 0 0 6 0 1 0 3 0 0 0 f 0 0 1 9
0 3 e b 0 0 0 0 0 0 0 6 0 1 0 3 0 0 0 8 0 0 6 0
0 4 b d 0 0 0 0 0 0 0 6 0 1 0 3 0 0 0 e 0 0 6 1
0 8 3 6 0 0 0 0 0 0 0 6 0 1 0 3 0 0 1 2 0 0 7 0
0 6 c c 0 0 0 0 0 0 0 6 0 1 0 3 0 0 1 0 0 0 5 a
0 1 c 5 0 0 0 0 0 0 0 6 0 1 0 3 0 0 0 4 0 0 2 d
0 1 c f 0 0 0 0 0 0 0 6 0 1 0 3 0 0 0 5 0 0 5 d
0 5 2 7 0 0 0 0 0 0 0 6 0 1 0 3 0 0 0 c 0 0 4 3
0 1 c 2 0 0 0 0 0 0 0 6 0 1 0 3 0 0 0 5 0 0 7 8
0 9 d 3 0 0 0 0 0 0 0 6 0 1 0 3 0 0 1 5 0 0 2 e
0 4 b 8 0 0 0 0 0 0 0 6 0 1 0 3 0 0 0 9 0 0 6 b
0 9 b 6 0 0 0 0 0 0 0 6 0 1 0 3 0 0 1 3 0 0 5 b
0 0 2 1 0 0 0 0 0 0 0 6 0 1 0 3 0 0 0 1 0 0 1 a
0 5 4 3 0 0 0 0 0 0 0 6 0 1 0 3 0 0 0 f 0 0 0 c
0 0 e 7 0 0 0 0 0 0 0 6 0 1 0 3 0 0 0 0 0 0 2 8
0 0 2 1 0 0 0 0 0 0 0 6 0 1 0 3 0 0 0 0 0 0 4 8
0 4 6 5 0 0 0 0 0 0 0 6 0 1 0 3 0 0 0 f 0 0 5 9
0 9 f a 0 0 0 0 0 0 0 6 0 1 0 3 0 0 1 4 0 0 2 8
0 8 a 1 0 0 0 0 0 0 0 6 0 1 0 3 0 0 1 5 0 0 4 a
0 5 6 2 0 0 0 0 0 0 0 6 0 1 0 3 0 0 0 b 0 0 2 7
0 1 d 9 0 0 0 0 0 0 0 6 0 1 0 3 0 0 0 5 0 0 1 5
0 1 a 3 0 0 0 0 0 0 0 6 0 1 0 3 0 0 0 3 0 0 4 d
0 8 3 b 0 0 0 0 0 0 0 6 0 1 0 3 0 0 1 4 0 0 5 9
0 3 d 8 0 0 0 6 0 1 0 3 0 0 0 3 0 0 4 5 0 0 0 0
0 5 6 8 0 0 0 0 0 0 0 6 0 1 0 3 0 0 0 c 0 0 3 9
0 3 2 a 0 0 0 0 0 0 0 6 0 1 0 3 0 0 0 8 0 0 2 f
0 6 4 4 0 0 0 0 0 0 0 6 0 1 0 3 0 0 1 6 0 0 5 2
0 3 2 4 0 0 0 0 0 0 0 6 0 1 0 3 0 0 0 6 0 0 5 d
0 1 f 2 5 0 0 0 0 0 0 0 6 0 1 0 3 0 0 0 8 0 0 3 4
0 8 c a 0 0 0 0 0 0 0 6 0 1 0 3 0 0 1 2 0 0 4 c
0 2 5 a 0 0 0 0 0 0 0 6 0 1 0 3 0 0 0 3 0 0 2 2
0 9 2 0 0 0 0 0 0 0 0 6 0 1 0 3 0 0 1 7 0 0 0 4
0 0 8 1 0 0 0 0 0 0 0 6 0 1 0 3 0 0 0 1 0 0 6 6
0 7 f 4 0 0 0 0 0 0 0 6 0 1 0 3 0 0 1 6 0 0 6 a
0 4 c 0 0 0 0 0 0 0 0 6 0 1 0 3 0 0 0 d 0 0 5 0
0 0 6 9 0 0 0 0 0 0 0 6 0 1 0 3 0 0 0 0 0 0 2 e
0 6 e 5 0 0 0 0 0 0 0 6 0 1 0 3 0 0 1 6 0 0 4 a
0 2 a c 0 0 0 0 0 0 0 6 0 1 0 3 0 0 0 9 0 0 6 8
0 7 2 5 0 0 0 0 0 0 0 6 0 1 0 3 0 0 0 d 0 0 2 b
0 3 c 4 0 0 0 0 0 0 0 6 0 1 0 3 0 0 0 6 0 0 6 8
0 9 c 3 0 0 0 0 0 0 0 6 0 1 0 3 0 0 1 3 0 0 2 b
0 1 a 9 0 0 0 0 0 0 0 6 0 1 0 3 0 0 0 5 0 0 4 6
0 3 4 e 0 0 0 0 0 0 0 6 0 1 0 3 0 0 0 7 0 0 5 f
0 9 f 8 0 0 0 0 0 0 0 6 0 1 0 3 0 0 1 2 0 0 6 1
0 5 4 5 0 0 0 0 0 0 0 6 0 1 0 3 0 0 0 c 0 0 2 7
0 a 4 7 0 0 0 0 0 0 0 6 0 1 0 3 0 0 1 1 0 0 0 3
0 4 4 9 0 0 0 0 0 0 0 6 0 1 0 3 0 0 0 4 0 0 6 0
0 5 d 0 0 0 0 0 0 0 0 6 0 1 0 3 0 0 0 b 0 0 4 c
0 1 4 a 0 0 0 0 0 0 0 6 0 1 0 3 0 0 0 9 0 0 0 e
0 5 4 5 0 0 0 0 0 0 0 6 0 1 0 3 0 0 0 c 0 0 5 d
0 0 6 6 0 0 0 0 0 0 0 6 0 1 0 3 0 0 0 1 0 0 1 f
0 2 2 2 0 0 0 0 0 0 0 6 0 1 0 3 0 0 0 2 0 0 4 c
0 6 6 b 0 0 0 0 0 0 0 6 0 1 0 3 0 0 1 5 0 0 4 c
0 0 c a 0 0 0 0 0 0 0 6 0 1 0 3 0 0 0 0 0 0 5 0
0 4 7 7 0 0 0 0 0 0 0 6 0 1 0 3 0 0 0 3 0 0 5 6
0 7 c 4 0 0 0 0 0 0 0 6 0 1 0 3 0 0 1 2 0 0 0 5
0 8 c 9 0 0 0 0 0 0 0 6 0 1 0 3 0 0 1 2 0 0 6 d
0 3 2 d 0 0 0 0 0 0 0 6 0 1 0 3 0 0 0 7 0 0 5 d
0 0 5 d 0 0 0 0 0 0 0 2 0 0 0 6 0 1 0 3 0 0 0 0 0
0 7 a f 0 0 0 0 0 0 0 6 0 1 0 3 0 0 1 6 0 0 5 1
0 4 f c 0 0 0 0 0 0 0 6 0 1 0 3 0 0 0 9 0 0 4 6
0 4 4 7 0 0 0 0 0 0 0 6 0 1 0 3 0 0 0 5 0 0 6 5
0 5 d 8 0 0 0 0 0 0 0 6 0 1 0 3 0 0 0 a 0 0 4 6
0 7 0 c 0 0 0 0 0 0 0 6 0 1 0 3 0 0 0 4 0 0 0 4
0 8 3 6 0 0 0 0 0 0 0 6 0 1 0 3 0 0 1 3 0 0 6 2
0 9 2 8 0 0 0 0 0 0 0 6 0 1 0 3 0 0 1 2 0 0 2 8
0 3 2 d 0 0 0 0 0 0 0 6 0 1 0 3 0 0 0 6 0 0 4 a
0 1 0 5 0 0 0 0 0 0 0 6 0 1 0 3 0 0 0 4 0 0 2 6
0 7 b b 0 0 0 0 0 0 0 6 0 1 0 3 0 0 0 e 0 0 4 2
0 a 3 9 0 0 0 0 0 0 0 6 0 1 0 3 0 0 1 6 0 0 3 2
0 7 5 1 0 0 0 0 0 0 0 6 0 1 0 3 0 0 1 4 0 0 0 c
0 6 c 8 0 0 0 0 0 0 0 6 0 1 0 3 0 0 1 0 0 0 7 0
0 5 d 0 0 0 0 0 0 0 0 6 0 1 0 3 0 0 0 c 0 0 1 2
0 1 a 6 0 0 0 0 0 0 0 6 0 1 0 3 0 0 0 5 0 0 3 2
0 1 7 6 0 0 0 0 0 0 0 6 0 1 0 3 0 0 0 8 0 0 4 9
0 2 0 f 0 0 0 0 0 0 0 6 0 1 0 3 0 0 0 4 0 0 5 a
0 3 1 d 0 0 0 0 0 0 0 6 0 1 0 3 0 0 0 6 0 0 6 8
0 4 f d 7 0 0 0 0 0 0 0 6 0 1 0 3 0 0 0 d 0 0 4 2
0 7 2 2 0 0 0 0 0 0 0 6 0 1 0 3 0 0 0 5 0 0 0 2
0 7 c a 0 0 0 0 0 0 0 6 0 1 0 3 0 0 1 6 0 0 5 4
0 2 0 2 0 0 0 0 0 0 0 6 0 1 0 3 0 0 0 3 0 0 4 6
0 7 d a 0 0 0 0 0 0 0 6 0 1 0 3 0 0 1 0 0 0 3 7
0 9 d 3 0 0 0 0 0 0 0 6 0 1 0 3 0 0 1 3 0 0 0 8
0 5 6 1 0 0 0 0 0 0 0 6 0 1 0 3 0 0 0 c 0 0 1 2
0 1 c f 0 0 0 0 0 0 0 6 0 1 0 3 0 0 0 5 0 0 2 d
0 0 c 8 0 0 0 0 0 0 0 6 0 1 0 3 0 0 0 7 0 0 2 7
0 2 e 4 0 0 0 0 0 0 0 6 0 1 0 3 0 0 0 4 0 0 1 c
0 9 0 f 0 0 0 0 0 0 0 6 0 1 0 3 0 0 1 6 0 0 6 e
0 0 7 5 0 0 0 0 0 0 0 6 0 1 0 3 0 0 0 1 0 0 3 f
0 a 5 2 0 0 0 0 0 0 0 6 0 1 0 3 0 0 0 c 0 0 4 a
0 4 7 c 0 0 0 0 0 0 0 6 0 1 0 3 0 0 0 9 0 0 4 9
0 4 5 1 0 0 0 0 0 0 0 6 0 1 0 3 0 0 0 d 0 0 3 3
0 2 2 5 0 0 0 0 0 0 0 6 0 1 0 3 0 0 0 5 0 0 6 a
0 0 f f 0 0 0 0 0 0 0 6 0 1 0 3 0 0 0 1 0 0 6 9
0 3 a a 0 0 0 0 0 0 0 6 0 1 0 3 0 0 0 8 0 0 0 7
0 7 c 2 0 0 0 0 0 0 0 6 0 1 0 3 0 0 0 e 0 0 6 b
0 7 0 c 0 0 0 0 0 0 0 6 0 1 0 3 0 0 0 5 0 0 5 f
0 5 0 a 0 0 0 0 0 0 0 6 0 1 0 3 0 0 0 b 0 0 6 4
0 6 4 9 0 0 0 0 0 0 0 6 0 1 0 3 0 0 1 6 0 0 6 7
0 0 5 f 0 0 0 0 0 0 0 6 0 1 0 3 0 0 0 0 0 0 5 7
0 1 a 0 0 0 0 0 0 0 0 6 0 1 0 3 0 0 0 2 0 0 2 0
0 1 f 2 0 0 0 0 0 0 0 6 0 1 0 3 0 0 0 9 0 0 6 e
0 5 2 4 0 0 0 0 0 0 0 6 0 1 0 3 0 0 0 c 0 0 3 5
0 7 c 7 0 0 0 0 0 0 0 6 0 1 0 3 0 0 1 1 0 0 3 6
0 a 1 e 0 0 0 0 0 0 0 6 0 1 0 3 0 0 1 4 0 0 2 c
0 4 7 7 0 0 0 0 0 0 0 6 0 1 0 3 0 0 0 e 0 0 6 9
0 5 9 b 0 0 0 0 0 0 0 6 0 1 0 3 0 0 0 a 0 0 4 d
0 3 1 2 0 0 0 0 0 0 0 6 0 1 0 3 0 0 0 2 5 0 0 0
0 9 b d 0 0 0 0 0 0 0 6 0 1 0 3 0 0 1 4 0 0 5 8
0 6 8 c 0 0 0 0 0 0 0 6 0 1 0 3 0 0 1 6 0 0 6 b
0 2 8 6 0 0 0 0 0 0 0 6 0 1 0 3 0 0 0 f 0 0 4 e
0 5 0 3 0 0 0 0 0 0 0 6 0 1 0 3 0 0 0 a 0 0 5 0
0 8 5 9 0 0 0 0 0 0 0 6 0 1 0 3 0 0 1 3 0 0 6 6
0 7 d e 0 0 0 0 0 0 0 6 0 1 0 3 0 0 1 1 0 0 6 1
0 8 7 5 0 0 0 0 0 0 0 6 0 1 0 3 0 0 1 5 0 0 6 0
0 2 1 0 0 0 0 0 0 0 0 6 0 1 0 3 0 0 0 4 0 0 7 8
0 0 f f 0 0 0 0 0 0 0 6 0 1 0 3 0 0 0 0 0 0 4 0
0 6 2 e 0 0 0 0 0 0 0 6 0 1 0 3 0 0 1 6 0 0 4 8
0 0 c 3 0 0 0 0 0 0 0 6 0 1 0 3 0 0 0 6 0 0 4 e
0 9 b 1 0 0 0 0 0 0 0 6 0 1 0 3 0 0 1 4 0 0 5 7
0 8 0 e 0 0 0 0 0 0 0 6 0 1 0 3 0 0 1 0 0 0 2 5
0 0 5 f 0 0 0 0 0 0 0 6 0 1 0 3 0 0 0 0 0 0 5 9
0 3 5 6 0 0 0 0 0 0 0 6 0 1 0 3 0 0 0 6 0 0 4 6
0 6 0 5 0 0 0 0 0 0 0 6 0 1 0 3 0 0 0 e 0 0 4 e
0 3 8 0 0 0 0 0 0 0 0 6 0 1 0 3 0 0 0 7 0 0 5 9
0 2 0 3 0 0 0 0 0 0 0 6 0 1 0 3 0 0 0 c 0 0 0 e
0 5 b f 0 0 0 0 0 0 0 6 0 1 0 3 0 0 0 b 0 0 3 d
0 1 f d 2 0 0 0 0 0 0 0 6 0 1 0 3 0 0 0 4 0 0 2 4
0 2 4 7 0 0 0 0 0 0 0 6 0 1 0 3 0 0 0 2 0 0 6 7
0 7 0 7 0 0 0 0 0 0 0 6 0 1 0 3 0 0 0 9 0 0 6 6
0 1 9 d 0 0 0 0 0 0 0 6 0 1 0 3 0 0 0 4 0 0 1 e
0 6 2 d 0 0 0 0 0 0 0 6 0 1 0 3 0 0 1 0 0 0 6 9
0 5 1 7 0 0 0 0 0 0 0 6 0 1 0 3 0 0 0 c 0 0 5 0
0 3 3 6 0 0 0 0 0 0 0 6 0 1 0 3 0 0 0 6 0 0 5 5
0 5 e 3 0 0 0 0 0 0 0 6 0 1 0 3 0 0 0 b 0 0 2 f
0 0 6 b 0 0 0 0 0 0 0 6 0 1 0 3 0 0 0 0 0 0 3 c
0 9 f f 0 0 0 0 0 0 6 0 1 0 3 0 0 1 0 0 0 3 9 0
0 8 1 c 0 0 0 0 0 0 0 6 0 1 0 3 0 0 1 6 0 0 2 3
0 1 9 3 0 0 0 0 0 0 0 6 0 1 0 3 0 0 0 7 0 0 2 d
0 1 7 3 0 0 0 0 0 0 0 6 0 1 0 3 0 0 0 2 0 0 6 0
0 1 7 b 0 0 0 0 0 0 0 6 0 1 0 3 0 0 0 4 0 0 4 c
0 3 f c 0 0 0 0 0 0 6 0 1 0 3 0 0 0 2 0 0 4 8 0
0 3 b b 0 0 0 0 0 0 0 6 0 1 0 3 0 0 0 6 0 0 5 a
0 6 6 6 0 0 0 0 0 0 0 6 0 1 0 3 0 0 1 6 0 0 4 7
0 0 a b 0 0 0 0 0 0 0 6 0 1 0 3 0 0 0 8 0 0 1 2
0 3 3 2 0 0 0 0 0 0 0 6 0 1 0 3 0 0 0 6 0 0 4 8
0 3 2 2 0 0 0 0 0 0 0 6 0 1 0 3 0 0 0 6 0 0 6 b
0 5 0 2 0 0 0 0 0 0 0 6 0 1 0 3 0 0 0 a 0 0 3 0
0 1 e 6 0 0 0 0 0 0 0 6 0 1 0 3 0 0 0 3 0 0 6 4
0 0 6 b 0 0 0 0 0 0 0 6 0 1 0 3 0 0 0 0 0 0 5 4
0 5 9 d 0 0 0 0 0 0 0 6 0 1 0 3 0 0 0 b 0 0 6 8
0 8 2 f 0 0 0 0 0 0 0 6 0 1 0 3 0 0 1 6 0 0 5 7
0 0 c b 0 0 0 0 0 0 0 6 0 1 0 3 0 0 0 0 0 0 6 4
0 0 8 7 0 0 0 0 0 0 0 6 0 1 0 3 0 0 0 0 0 0 2 9
0 2 1 c 0 0 0 0 0 0 0 6 0 1 0 3 0 0 0 f 0 0 5 7
0 6 4 d 0 0 0 0 0 0 0 6 0 1 0 3 0 0 1 6 0 0 6 1
0 0 0 b 0 0 0 0 0 0 0 6 0 1 0 3 0 0 0 1 0 0 1 7
0 9 f c 0 0 0 0 0 0 0 6 0 1 0 3 0 0 1 6 0 0 2 d
0 6 e 6 0 0 0 0 0 0 0 6 0 1 0 3 0 0 1 6 0 0 3 9
0 5 3 8 0 0 0 0 0 0 0 6 0 1 0 3 0 0 0 c 0 0 4 d
0 5 7 1 0 0 0 0 0 0 0 6 0 1 0 3 0 0 0 e 0 0 6 0
0 9 5 a 0 0 0 0 0 0 0 6 0 1 0 3 0 0 1 4 0 0 1 5
0 9 1 e 0 0 0 0 0 0 0 6 0 1 0 3 0 0 1 6 0 0 5 9
0 6 d c 0 0 0 0 0 0 0 6 0 1 0 3 0 0 1 0 0 0 3 2
0 4 8 f 0 0 0 0 0 0 0 6 0 1 0 3 0 0 0 a 0 0 6 c
0 6 2 3 0 0 0 0 0 0 0 6 0 1 0 3 0 0 1 6 0 0 5 0
0 8 9 b 0 0 0 0 0 0 0 6 0 1 0 3 0 0 1 4 0 0 5 8
0 a 0 4 0 0 0 0 0 0 0 6 0 1 0 3 0 0 1 6 0 0 6 d
0 9 f d 0 0 0 0 0 0 0 6 0 1 0 3 0 0 1 3 0 0 5 2
0 7 9 f 0 0 0 0 0 0 0 6 0 1 0 3 0 0 1 2 0 0 0 6
0 1 6 c 0 0 0 0 0 0 0 6 0 1 0 3 0 0 0 2 0 0 5 0
0 3 4 5 0 0 0 0 0 0 0 6 0 1 0 3 0 0 0 6 0 0 3 c
0 6 c 7 0 0 0 0 0 0 0 6 0 1 0 3 0 0 1 2 0 0 2 3
0 3 e 9 0 0 0 0 0 0 0 6 0 1 0 3 0 0 0 8 0 0 0 4
0 0 5 7 0 0 0 0 0 0 0 6 0 1 0 3 0 0 0 1 0 0 1 4
0 3 e 4 0 0 0 0 0 0 0 6 0 1 0 3 0 0 0 7 0 0 3 a
0 9 7 a 0 0 0 0 0 0 0 6 0 1 0 3 0 0 1 2 0 0 5 8
0 1 1 1 0 0 0 0 0 0 0 6 0 1 0 3 0 0 0 a 0 0 3 b
0 a 1 4 0 0 0 0 0 0 0 6 0 1 0 3 0 0 1 6 0 0 3 1
0 6 e d 0 0 0 0 0 0 0 6 0 1 0 3 0 0 1 0 0 0 2 0
0 9 1 6 0 0 0 0 0 0 0 6 0 1 0 3 0 0 1 5 0 0 1 f
0 5 b 1 0 0 0 0 0 0 0 6 0 1 0 3 0 0 0 c 0 0 0 4
0 1 f 8 3 0 0 0 0 0 0 0 6 0 1 0 3 0 0 0 1 0 0 3 1
0 6 7 c 0 0 0 0 0 0 0 6 0 1 0 3 0 0 1 6 0 0 5 a
0 3 1 f 0 0 0 0 0 0 0 6 0 1 0 3 0 0 0 f 0 0 1 0
0 1 7 2 0 0 0 0 0 0 0 6 0 1 0 3 0 0 0 5 0 0 3 e
0 5 d d 0 0 0 0 0 0 0 6 0 1 0 3 0 0 0 c 0 0 0 8
0 9 c 6 0 0 0 0 0 0 0 6 0 1 0 3 0 0 1 4 0 0 5 3
0 4 c 3 0 0 0 0 0 0 0 6 0 1 0 3 0 0 0 e 0 0 4 5
0 6 b c 0 0 0 0 0 0 0 6 0 1 0 3 0 0 1 2 0 0 0 0
0 6 c 6 0 0 0 0 0 0 0 6 0 1 0 3 0 0 1 7 0 0 0 c
0 1 5 8 0 0 0 0 0 0 0 6 0 1 0 3 0 0 0 2 0 0 5 5
0 6 5 8 0 0 0 0 0 0 0 6 0 1 0 3 0 0 1 2 0 0 4 0
0 9 d d 0 0 0 0 0 0 0 6 0 1 0 3 0 0 1 3 0 0 6 0
0 7 8 e 0 0 0 0 0 0 0 6 0 1 0 3 0 0 1 0 0 0 6 b
0 5 3 d 0 0 0 0 0 0 0 6 0 1 0 3 0 0 0 c 0 0 6 3
0 6 1 5 0 0 0 0 0 0 0 6 0 1 0 3 0 0 0 a 0 0 5 b
0 4 4 5 0 0 0 0 0 0 0 0 6 0 1 0 3 0 0 0 3 0 0 6 5
0 2 8 b 0 0 0 0 0 0 0 6 0 1 0 3 0 0 0 3 0 0 5 d
0 9 e d 0 0 0 0 0 0 0 6 0 1 0 3 0 0 1 4 0 0 2 a
0 2 8 f 0 0 0 0 0 0 0 6 0 1 0 3 0 0 0 f 0 0 5 1
0 3 7 c 0 0 0 0 0 0 0 6 0 1 0 3 0 0 0 8 0 0 3 a
0 4 7 8 0 0 0 0 0 0 0 6 0 1 0 3 0 0 0 f 0 0 4 0
0 8 b 3 0 0 0 0 0 0 0 6 0 1 0 3 0 0 1 3 0 0 4 3
0 1 b 9 0 0 0 0 0 0 0 6 0 1 0 3 0 0 0 9 0 0 2 2
0 3 6 a 0 0 0 0 0 0 0 6 0 1 0 3 0 0 0 6 0 0 2 8
0 5 5 d 0 0 0 0 0 0 0 6 0 1 0 3 0 0 0 b 0 0 5 2
0 1 3 f 0 0 0 0 0 0 0 6 0 1 0 3 0 0 0 a 0 0 1 d
0 a 0 9 0 0 0 0 0 0 0 6 0 1 0 3 0 0 1 6 0 0 4 2
0 7 f 7 0 0 0 0 0 0 0 6 0 1 0 3 0 0 0 d 0 0 4 b
0 8 6 e 0 0 0 0 0 0 0 6 0 1 0 3 0 0 1 5 0 0 5 9
0 2 3 7 0 0 0 0 0 0 0 6 0 1 0 3 0 0 0 6 0 0 0 5
0 5 9 c 0 0 0 0 0 0 0 6 0 1 0 3 0 0 0 e 0 0 3 f
0 3 2 2 0 0 0 0 0 0 0 6 0 1 0 3 0 0 0 6 0 0 6 a
0 8 0 5 0 0 0 0 0 0 0 6 0 1 0 3 0 0 1 1 0 0 6 d
0 7 2 f 0 0 0 0 0 0 0 6 0 1 0 3 0 0 0 c 0 0 5 c
0 4 b 9 0 0 0 0 0 0 0 6 0 1 0 3 0 0 0 f 0 0 2 3
0 7 9 8 0 0 0 0 0 0 0 6 0 1 0 3 0 0 1 5 0 0 5 9
0 6 f 9 0 0 0 0 0 0 0 6 0 1 0 3 0 0 1 0 0 0 5 7
0 2 d f 0 0 0 0 0 0 0 6 0 1 0 3 0 0 0 6 0 0 0 4
0 6 b e 0 0 0 0 0 0 0 6 0 1 0 3 0 0 1 1 0 0 6 2
0 2 9 6 0 0 0 0 0 0 0 6 0 1 0 3 0 0 0 2 0 0 4 c
0 0 0 4 0 0 0 0 0 0 0 6 0 1 0 3 0 0 0 0 0 0 5 a
0 6 9 d 0 0 0 0 0 0 0 6 0 1 0 3 0 0 1 1 0 0 4 8
0 5 7 2 0 0 0 0 0 0 0 6 0 1 0 3 0 0 0 a 0 0 3 e
0 1 c 2 0 0 0 0 0 0 0 6 0 1 0 3 0 0 0 2 0 0 5 a
0 6 4 a 0 0 0 0 0 0 0 6 0 1 0 3 0 0 1 6 0 0 3 2
0 1 1 0 0 0 0 a 0 0 0 0 0 0 0 6 0 1 0 3 0 0 0 0 0
0 2 2 1 0 0 0 0 0 0 0 6 0 1 0 3 0 0 0 5 0 0 4 f
0 9 f a 0 0 0 0 0 0 0 6 0 1 0 3 0 0 1 1 0 0 2 2
0 8 3 5 0 0 0 0 0 0 0 6 0 1 0 3 0 0 1 4 0 0 3 8
0 2 0 e 0 0 0 0 0 0 0 6 0 1 0 3 0 0 0 8 0 0 4 8
0 8 7 7 0 0 0 0 0 0 0 6 0 1 0 3 0 0 1 6 0 0 6 8
0 1 a 5 0 0 0 0 0 0 0 6 0 1 0 3 0 0 0 4 0 0 6 5
0 4 a c 0 0 0 0 0 0 0 6 0 1 0 3 0 0 0 9 0 0 5 b
0 1 f e 0 0 0 0 0 0 0 6 0 1 0 3 0 0 0 4 0 0 3 7
0 2 4 f 0 0 0 0 0 0 0 6 0 1 0 3 0 0 0 2 0 0 5 0
0 6 8 1 0 0 0 0 0 0 0 6 0 1 0 3 0 0 0 e 0 0 5 1
0 0 4 d 0 0 0 0 0 0 0 6 0 1 0 3 0 0 0 1 0 0 0 5
0 3 5 1 0 0 0 0 0 0 0 6 0 1 0 3 0 0 0 8 0 0 1 c
0 9 5 1 0 0 0 0 0 0 0 6 0 1 0 3 0 0 1 3 0 0 1 7
0 2 8 3 0 0 0 0 0 0 0 6 0 1 0 3 0 0 0 3 0 0 7 2
0 2 2 6 0 0 0 0 0 0 0 6 0 1 0 3 0 0 0 9 0 0 7 1
0 5 8 c 0 0 0 0 0 0 0 6 0 1 0 3 0 0 0 c 0 0 2 4
0 9 3 6 0 0 0 0 0 0 0 6 0 1 0 3 0 0 1 5 0 0 4 7
0 3 a 1 0 0 0 0 0 0 0 6 0 1 0 3 0 0 0 2 0 0 5 9
0 5 0 9 0 0 0 0 0 0 0 6 0 1 0 3 0 0 0 c 0 0 4 0
0 8 a 0 0 0 0 0 0 0 0 6 0 1 0 3 0 0 1 3 0 0 4 4
0 2 7 d 0 0 0 0 0 0 0 6 0 1 0 3 0 0 0 5 0 0 2 c
0 7 4 2 0 0 0 0 0 0 0 6 0 1 0 3 0 0 0 9 0 0 4 6
0 5 0 2 0 0 0 0 0 0 0 6 0 1 0 3 0 0 0 a 0 0 4 7
0 2 c 6 0 0 0 0 0 0 0 6 0 1 0 3 0 0 0 3 0 0 5 8
0 3 a c 0 0 0 0 0 0 0 6 0 1 0 3 0 0 0 7 0 0 4 5
0 7 b 3 0 0 0 0 0 0 0 6 0 1 0 3 0 0 0 d 0 0 4 4
0 5 2 f 0 0 0 0 0 0 0 6 0 1 0 3 0 0 0 a 0 0 4 d
0 1 1 1 0 0 0 0 0 0 0 6 0 1 0 3 0 0 0 2 0 0 4 0
0 2 0 e 7 0 0 0 0 0 0 0 6 0 1 0 3 0 0 0 2 0 0 5 5
0 a 0 2 0 0 0 0 0 0 0 6 0 1 0 3 0 0 1 6 0 0 3 e
0 0 e e 0 0 0 0 0 0 0 6 0 1 0 3 0 0 0 0 0 0 0 5
0 2 2 2 0 0 0 0 0 0 0 6 0 1 0 3 0 0 0 5 0 0 5 0
0 9 5 3 0 0 0 0 0 0 0 6 0 1 0 3 0 0 1 5 0 0 5 9
0 4 6 c 0 0 0 0 0 0 0 6 0 1 0 3 0 0 0 a 0 0 1 e
0 2 5 e 0 0 0 0 0 0 0 6 0 1 0 3 0 0 0 5 0 0 0 4
0 3 c 7 0 0 0 0 0 0 0 6 0 1 0 3 0 0 0 6 0 0 2 9
0 8 4 9 0 0 0 0 0 0 0 6 0 1 0 3 0 0 1 3 0 0 6 7
0 4 8 c 0 0 0 0 0 0 0 6 0 1 0 3 0 0 0 a 0 0 7 1
0 a 4 f 0 0 0 0 0 0 0 6 0 1 0 3 0 0 1 6 0 0 3 c
0 6 7 1 0 0 0 0 0 0 0 6 0 1 0 3 0 0 1 4 0 0 0 8
0 7 d 1 0 0 0 0 0 0 0 6 0 1 0 3 0 0 1 1 0 0 3 8
0 7 4 8 0 0 0 0 0 0 0 6 0 1 0 3 0 0 0 9 0 0 5 4
0 2 5 3 0 0 0 0 0 0 0 6 0 1 0 3 0 0 0 5 0 0 4 7
0 6 5 8 0 0 0 0 0 0 0 6 0 1 0 3 0 0 0 e 0 0 4 8
0 9 3 6 0 0 0 0 0 0 0 6 0 1 0 3 0 0 1 5 0 0 4 9
0 2 2 4 0 0 0 0 0 0 0 6 0 1 0 3 0 0 0 4 0 0 7 4
0 2 9 8 0 0 0 0 0 0 0 6 0 1 0 3 0 0 0 4 0 0 2 4
0 4 a e 0 0 0 0 0 0 0 6 0 1 0 3 0 0 0 f 0 0 4 9
0 7 0 a 0 0 0 0 0 0 0 6 0 1 0 3 0 0 0 9 0 0 4 b
0 9 c e 0 0 0 0 0 0 0 6 0 1 0 3 0 0 1 3 0 0 6 b
0 5 3 f 0 0 0 0 0 0 0 6 0 1 0 3 0 0 0 e 0 0 3 2
0 9 f 8 0 0 0 0 0 0 0 6 0 1 0 3 0 0 1 2 0 0 6 0
0 6 a e 0 0 0 0 0 0 0 6 0 1 0 3 0 0 1 6 0 0 6 4
0 5 4 a 0 0 0 0 0 0 0 6 0 1 0 3 0 0 0 c 0 0 6 9
0 8 7 c 0 0 0 0 0 0 0 6 0 1 0 3 0 0 1 2 0 0 6 e
0 2 1 0 0 0 0 0 0 0 0 6 0 1 0 3 0 0 0 3 0 0 7 4
0 9 4 e 0 0 0 0 0 0 0 6 0 1 0 3 0 0 1 2 0 0 5 5
0 0 6 1 0 0 0 0 0 0 0 6 0 1 0 3 0 0 0 6 0 0 2 0
0 3 3 c 0 0 0 0 0 0 0 6 0 1 0 3 0 0 0 7 0 0 0 4
0 1 5 f 0 0 0 0 0 0 0 6 0 1 0 3 0 0 0 3 0 0 2 a
0 4 e 4 0 0 0 0 0 0 0 6 0 1 0 3 0 0 0 e 0 0 3 6
0 1 9 3 0 0 0 0 0 0 0 6 0 1 0 3 0 0 0 5 0 0 2 9
0 9 9 8 0 0 0 0 0 0 0 6 0 1 0 3 0 0 1 0 0 0 6 5
0 8 d 9 0 0 0 0 0 0 0 6 0 1 0 3 0 0 1 2 0 0 5 f
0 4 f b 0 0 0 0 0 0 0 6 0 1 0 3 0 0 0 a 0 0 6 0
0 2 5 4 0 0 0 0 0 0 0 6 0 1 0 3 0 0 0 4 0 0 0 4
0 5 5 9 0 0 0 0 0 0 0 6 0 1 0 3 0 0 0 b 0 0 6 5
0 2 3 5 0 0 0 0 0 0 0 6 0 1 0 3 0 0 0 4 0 0 2 5
0 a 0 0 0 0 0 0 0 0 0 6 0 1 0 3 0 0 1 4 0 0 1 1
0 7 4 c 0 0 0 0 0 0 0 6 0 1 0 3 0 0 0 9 0 0 5 1
0 5 7 5 0 0 0 0 0 0 0 6 0 1 0 3 0 0 0 c 0 0 4 8
0 5 3 c 0 0 0 0 0 0 0 6 0 1 0 3 0 0 0 b 0 0 6 d
0 8 4 1 0 0 0 0 0 0 0 6 0 1 0 3 0 0 1 1 0 0 1 1
0 7 e 0 0 0 0 0 0 0 0 6 0 1 0 3 0 0 1 6 0 0 2 c
0 9 b 8 0 0 0 0 0 0 0 6 0 1 0 3 0 0 1 5 0 0 3 b
0 6 9 d 0 0 0 0 0 0 0 6 0 1 0 3 0 0 1 6 0 0 2 b
0 5 3 6 0 0 0 0 0 0 0 6 0 1 0 3 0 0 0 c 0 0 3 a
0 9 b f 0 0 0 0 0 0 0 6 0 1 0 3 0 0 1 5 0 0 4 1
0 2 f 3 0 0 0 0 0 0 0 6 0 1 0 3 0 0 0 3 0 0 6 0
0 6 5 7 0 0 0 0 0 0 0 6 0 1 0 3 0 0 1 0 0 0 5 0
0 7 9 f 0 0 0 0 0 0 0 6 0 1 0 3 0 0 1 1 0 0 2 7
0 2 7 c 0 0 0 0 0 0 0 6 0 1 0 3 0 0 0 2 0 0 6 3
0 4 f 1 0 0 0 0 0 0 0 6 0 1 0 3 0 0 0 9 0 0 0 7
0 1 0 9 0 0 0 0 0 0 0 6 0 1 0 3 0 0 0 5 0 0 4 b
0 a 0 0 0 0 0 0 0 0 0 6 0 1 0 3 0 0 0 e 0 0 4 3
0 5 a a 0 0 0 0 0 0 0 6 0 1 0 3 0 0 0 b 0 0 4 f 3
0 6 9 2 0 0 0 0 0 0 0 6 0 1 0 3 0 0 1 0 0 0 2 6
0 5 d 0 0 0 0 0 0 0 0 6 0 1 0 3 0 0 0 c 0 0 5 d
0 4 e d 0 0 0 0 0 0 0 6 0 1 0 3 0 0 0 9 0 0 6 f
0 7 9 e 0 0 0 0 0 0 0 6 0 1 0 3 0 0 1 3 0 0 2 a
0 3 b 5 0 0 0 0 0 0 0 6 0 1 0 3 0 0 0 0 0 0 2 2
0 a 5 0 0 0 0 0 0 0 0 6 0 1 0 3 0 0 1 0 0 0 6 a
0 7 2 f 0 0 0 0 0 0 0 6 0 1 0 3 0 0 0 9 0 0 5 a
0 2 1 d 0 0 0 0 0 0 0 6 0 1 0 3 0 0 0 3 0 0 5 1
0 a 7 0 0 0 0 0 0 0 0 6 0 1 0 3 0 0 1 1 0 0 4 1
0 4 7 c 0 0 0 0 0 0 0 6 0 1 0 3 0 0 0 f 0 0 6 7
0 6 b f 0 0 0 0 0 0 0 6 0 1 0 3 0 0 1 6 0 0 6 8
0 2 8 d 0 0 0 0 0 0 0 6 0 1 0 3 0 0 0 4 0 0 2 0
0 0 e 1 0 0 0 0 0 0 0 6 0 1 0 3 0 0 0 1 0 0 6 4
0 2 f 5 0 0 0 0 0 0 0 6 0 1 0 3 0 0 0 2 0 0 4 9
0 0 a 1 0 0 0 0 0 0 0 6 0 1 0 3 0 0 0 0 0 0 2 d
0 5 1 2 0 0 0 0 0 0 0 6 0 1 0 3 0 0 0 a 0 0 6 6
0 4 f 6 0 0 0 0 0 0 0 6 0 1 0 3 0 0 0 9 0 0 5 1
0 1 d 6 0 0 0 0 0 0 0 6 0 1 0 3 0 0 0 5 0 0 0 4
0 7 6 4 0 0 0 0 0 0 0 6 0 1 0 3 0 0 1 0 0 0 6 5
0 5 e 1 0 0 0 0 0 0 0 6 0 1 0 3 0 0 0 b 0 0 2 d
0 a 0 8 0 0 0 0 0 0 0 6 0 1 0 3 0 0 1 0 0 0 6 2
0 2 e 1 0 0 0 0 0 0 0 6 0 1 0 3 0 0 0 4 0 0 7 0
0 1 c 3 0 0 0 0 0 0 0 6 0 1 0 3 0 0 0 5 0 0 2 c
0 4 c 9 0 0 0 0 0 0 0 6 0 1 0 3 0 0 0 9 0 0 5 1
0 5 0 2 0 0 0 0 0 0 0 6 0 1 0 3 0 0 0 c 0 0 5 0
0 0 9 0 0 0 0 6 0 1 0 3 0 0 0 4 0 0 3 c 0 0 0 1
0 4 e 6 0 0 0 0 0 0 0 6 0 1 0 3 0 0 0 a 0 0 2 2
0 8 4 6 0 0 0 0 0 0 0 6 0 1 0 3 0 0 1 5 0 0 5 d
0 8 4 b 0 0 0 0 0 0 0 6 0 1 0 3 0 0 1 3 0 0 2 0
0 2 1 0 0 0 0 0 0 0 0 6 0 1 0 3 0 0 0 5 0 0 2 0
0 6 4 5 0 0 0 0 0 0 0 6 0 1 0 3 0 0 1 2 0 0 0 7
0 7 e 0 0 0 0 0 0 0 0 8 0 0 0 c 0 0 0 0 0 0 0 6
0 6 8 4 0 0 0 0 0 0 0 6 0 1 0 3 0 0 1 0 0 0 4 8
0 8 3 e 0 0 0 0 0 0 0 6 0 1 0 3 0 0 0 d 0 0 2 4
0 5 6 0 0 0 0 0 0 0 0 6 0 1 0 3 0 0 0 b 0 0 2 9
0 7 6 6 0 0 0 0 0 0 0 6 0 1 0 3 0 0 1 1 0 0 4 5
0 0 9 5 0 0 0 0 0 0 0 4 0 0 0 0 0 0 0 6 0 1 0 3
0 2 5 b 0 0 0 0 0 0 0 6 0 1 0 3 0 0 0 4 0 0 6 4
0 7 c d 0 0 0 0 0 0 0 6 0 1 0 5 0 0 0 d 0 0 0
0 6 7 8 0 0 0 0 0 0 0 6 0 1 0 3 0 0 0 c 0 0 0 6
0 4 1 5 0 0 0 0 0 0 0 6 0 1 0 3 0 0 0 5 0 0 6 7
0 a 1 1 0 0 0 0 0 0 0 6 0 1 0 3 0 0 1 0 0 0 5 8
0 9 a c 0 0 0 0 0 0 0 6 0 1 0 3 0 0 1 2 0 0 5 4
0 5 5 1 0 0 0 0 0 0 0 6 0 1 0 3 0 0 0 0 0 0 4 f
0 5 2 3 0 0 0 0 0 0 0 6 0 1 0 3 0 0 0 c 0 0 5 2
0 5 b e 0 0 0 0 0 0 0 6 0 1 0 3 0 0 0 b 0 0 4 f
0 9 a 5 0 0 0 0 0 0 0 6 0 1 0 3 0 0 1 1 0 0 0 6
0 2 9 4 0 0 0 0 0 0 0 6 0 1 0 3 0 0 0 2 0 0 7 1
0 5 9 e 0 0 0 1 0 0 0 7 0 0 0 4 0 0 0 0 0 0 7 6
0 5 e 7 0 0 0 0 0 0 0 6 0 1 0 3 0 0 0 b 0 0 5 1
0 3 2 6 0 0 0 0 0 0 0 6 0 1 0 3 0 0 0 6 0 0 4 6
0 9 0 e 0 0 0 0 0 0 0 6 0 1 0 3 0 0 0 f 0 0 0 d
0 1 8 4 0 0 0 0 0 0 0 6 0 1 0 3 0 0 0 6 0 0 7 4
0 0 d 8 0 0 0 0 0 0 0 6 0 1 0 3 0 0 0 0 0 0 5 0
0 4 d 7 0 0 0 0 0 0 0 6 0 1 0 3 0 0 0 9 0 0 4 d
0 9 f 6 0 0 0 0 0 0 0 6 0 1 0 3 0 0 1 2 0 0 6 2
0 6 e 9 0 0 0 0 0 0 0 6 0 1 0 3 0 0 1 6 0 0 3 f
0 5 5 3 0 0 0 0 0 0 0 6 0 1 0 3 0 0 0 c 0 0 5 f
0 6 3 e 0 0 0 0 0 0 0 6 0 1 0 3 0 0 0 a 0 0 3 4
0 0 7 0 0 0 0 0 0 0 0 6 0 1 0 3 0 0 0 1 0 0 4 2
0 0 2 a 0 0 0 0 0 0 0 6 0 1 0 3 0 0 0 0 0 0 6 1
0 6 3 4 0 0 0 0 0 0 0 6 0 1 0 3 0 0 0 f 0 0 0 6
0 7 3 4 0 0 0 0 0 0 0 6 0 1 0 3 0 0 1 1 0 0 1 9
0 3 2 f 0 0 0 a 0 0 0 e 0 0 0 0 0 0 0 6 0 1 0 3
0 4 7 6 0 0 0 0 0 0 0 6 0 1 0 3 0 0 0 f 0 0 5 a
0 3 0 6 0 0 0 0 0 0 0 6 0 1 0 3 0 0 0 7 0 0 2 d
0 6 1 3 0 0 0 0 0 0 0 6 0 1 0 3 0 0 1 1 0 0 1 9
0 4 7 7 0 0 0 0 0 0 0 6 0 1 0 3 0 0 0 9 0 0 2 6
0 7 b b 0 0 0 0 0 0 0 6 0 1 0 3 0 0 1 6 0 0 5 d
0 0 a 1 0 0 0 0 0 0 0 6 0 1 0 3 0 0 0 0 0 0 1 8
0 2 1 0 0 0 0 0 0 0 0 6 0 1 0 3 0 0 0 4 0 0 3 1
0 6 a e 0 0 0 0 0 0 0 6 0 1 0 3 0 0 1 4 0 0 7 b
0 2 0 3 0 0 0 0 0 0 0 6 0 1 0 3 0 0 0 5 0 0 6 b
0 4 2 9 0 0 0 0 0 0 0 6 0 1 0 3 0 0 0 6 0 0 4 6
0 2 9 e 0 0 0 0 0 0 0 6 0 1 0 3 0 0 0 4 0 0 2 2
0 3 2 e 0 0 0 0 0 0 0 6 0 1 0 3 0 0 0 7 0 0 5 5
0 1 8 6 0 0 0 0 0 0 0 6 0 1 0 3 0 0 0 2 0 0 6 b
0 0 d 9 0 0 0 0 0 0 0 6 0 1 0 3 0 0 0 4 0 0 4 2
0 8 1 8 0 0 0 0 0 0 0 6 0 1 0 3 0 0 0 d 0 0 1 6
0 2 1 c 0 0 0 0 0 0 0 6 0 1 0 3 0 0 0 4 0 0 2 5
0 8 5 f 0 0 0 0 0 0 0 6 0 1 0 3 0 0 1 2 0 0 1 b
0 3 9 b 0 0 0 0 0 0 0 6 0 1 0 3 0 0 0 7 0 0 1 a
0 5 b c 0 0 0 0 0 0 0 6 0 1 0 3 0 0 0 c 0 0 0 4
0 9 d 7 0 0 0 0 0 0 0 6 0 1 0 3 0 0 0 d 0 0 5 2
0 8 6 8 0 0 0 0 0 0 0 6 0 1 0 3 0 0 1 5 0 0 3 8
0 9 e 4 0 0 0 0 0 0 0 6 0 1 0 3 0 0 1 3 0 0 6 d
0 1 2 8 0 0 0 0 0 0 0 6 0 1 0 3 0 0 0 5 0 0 2 9
0 5 1 2 0 0 0 0 0 0 4 6 0 0 0 0 0 0 0 6 0 1 0 3
0 9 2 2 0 0 0 0 0 0 0 6 0 1 0 3 0 0 1 2 0 0 2 a
0 1 6 3 0 0 0 0 0 0 0 6 0 1 0 3 0 0 0 5 0 0 5 c
0 0 5 b 0 0 0 0 0 0 0 6 0 1 0 3 0 0 0 7 0 0 6 7
0 5 c 5 0 0 0 0 0 0 0 6 0 1 0 3 0 0 0 c 0 0 2 f
0 7 e 3 0 0 0 0 0 0 0 6 0 1 0 3 0 0 0 7 0 0 0 8
0 6 5 5 0 0 0 0 0 0 0 6 0 1 0 3 0 0 1 4 0 0 0 e
0 4 1 4 0 0 0 0 0 0 0 6 0 1 0 3 0 0 0 2 0 0 2 5
0 7 f 4 0 0 0 0 0 0 0 6 0 1 0 3 0 0 1 2 0 0 6 2
0 a 2 3 0 0 0 0 0 0 0 6 0 1 0 3 0 0 1 6 0 0 6 7
0 5 4 3 0 0 0 0 0 0 0 6 0 1 0 3 0 0 0 b 0 0 6 9
0 7 9 3 0 0 0 0 0 0 0 6 0 1 0 3 0 0 0 e 0 0 5 2
0 5 3 4 0 0 0 0 0 0 0 6 0 1 0 3 0 0 0 c 0 0 5 b
0 5 4 9 0 0 0 0 0 0 0 6 0 1 0 3 0 0 0 b 0 0 1 5
0 1 8 6 0 0 0 0 0 0 0 6 0 1 0 3 0 0 0 4 0 0 0 e
0 2 9 b 0 0 0 0 0 0 0 6 0 1 0 3 0 0 0 2 0 0 5 2
0 0 e c 0 0 0 0 0 0 0 6 0 1 0 3 0 0 0 0 0 0 5 5
0 2 9 b 0 0 0 0 0 0 0 6 0 1 0 3 0 0 0 5 0 0 6 5
0 2 4 c 0 0 0 0 0 0 0 6 0 1 0 3 0 0 0 f 0 0 5 1
0 8 1 b 0 0 0 0 0 0 0 6 0 1 0 3 0 0 1 6 0 0 0 a
0 5 1 5 0 0 0 0 0 0 0 6 0 1 0 3 0 0 0 c 0 0 1 8
0 8 2 8 0 0 0 0 0 0 0 6 0 1 0 3 0 0 1 7 0 0 7 2
0 2 0 6 0 0 0 0 0 0 0 6 0 1 0 3 0 0 0 2 0 0 4 7
0 5 4 8 0 0 0 0 0 0 0 6 0 1 0 3 0 0 0 c 0 0 1 5
0 5 e b 0 0 0 0 0 0 0 6 0 1 0 3 0 0 0 b 0 0 0 4
0 9 f c 0 0 0 0 0 0 0 6 0 1 0 3 0 0 1 4 0 0 2 b
0 7 7 2 0 0 0 0 0 0 0 6 0 1 0 3 0 0 1 0 0 0 4 f
0 8 f b b 0 0 0 0 0 0 0 6 0 1 0 3 0 0 1 5 0 0 3 c
0 2 3 f 0 0 0 0 0 0 0 6 0 1 0 3 0 0 0 5 0 0 2 6
0 2 0 e 0 0 0 0 0 0 0 6 0 1 0 3 0 0 0 8 0 0 4 5
0 1 5 9 0 0 0 0 0 0 0 6 0 1 0 3 0 0 0 5 0 0 6 2
0 0 8 9 0 0 0 0 0 0 0 6 0 1 0 3 0 0 0 1 0 0 6 1
0 6 1 6 0 0 0 0 0 0 0 6 0 1 0 3 0 0 1 0 0 0 5 e
0 4 c 7 0 0 0 0 0 0 0 6 0 1 0 3 0 0 0 3 0 0 2 b
0 6 1 9 0 0 0 0 0 0 0 6 0 1 0 3 0 0 1 6 0 0 6 5
0 2 4 8 0 0 0 0 0 0 0 6 0 1 0 3 0 0 0 3 0 0 7 2
0 6 7 5 0 0 0 0 0 0 0 6 0 1 0 3 0 0 1 1 0 0 6 0
0 a 2 a 0 0 0 0 0 0 0 6 0 1 0 3 0 0 1 6 0 0 2 9
0 2 4 4 0 0 0 0 0 0 0 6 0 1 0 3 0 0 0 4 0 0 5 3
0 0 f c 0 0 0 0 0 0 0 6 0 1 0 3 0 0 0 0 0 0 6 2
0 7 a 2 0 0 0 0 0 0 0 6 0 1 0 3 0 0 1 6 0 0 3 3
0 3 1 8 0 0 0 0 0 0 0 6 0 1 0 3 0 0 0 2 0 0 4 5
0 7 f 4 7 0 0 0 0 0 0 0 6 0 1 0 3 0 0 1 1 0 0 6 b
0 4 9 4 0 0 0 0 0 0 0 6 0 1 0 3 0 0 0 a 0 0 2 d
0 7 a f 0 0 0 0 0 0 0 6 0 1 0 3 0 0 0 d 0 0 4 a
0 6 4 8 0 0 0 0 0 0 0 6 0 1 0 3 0 0 1 0 0 0 5 1
0 4 6 5 0 0 0 0 0 0 0 6 0 1 0 3 0 0 0 e 0 0 6 a
0 6 a e 0 0 0 0 0 0 0 6 0 1 0 3 0 0 1 6 0 0 5 b
0 5 4 e 0 0 0 0 0 0 0 6 0 1 0 3 0 0 0 c 0 0 3 0
0 5 9 6 0 0 0 0 0 0 0 6 0 1 0 3 0 0 0 e 0 0 0 5
0 9 b 2 0 0 0 0 0 0 0 6 0 1 0 3 0 0 1 2 0 0 6 9
0 7 c f 7 0 0 0 0 0 0 0 6 0 1 0 3 0 0 1 1 0 0 6 5
0 3 e 7 0 0 0 0 0 0 0 6 0 1 0 3 0 0 0 8 0 0 1 8
0 0 f 8 0 0 0 7 0 0 0 d 0 0 0 1 0 0 0 0 0 0 0
0 0 c 8 0 0 0 0 0 0 0 6 0 1 0 3 0 0 0 1 0 0 6 e
0 7 c c 0 0 0 0 0 0 0 6 0 1 0 3 0 0 1 2 0 0 6 3
0 5 1 6 0 0 0 0 0 0 0 6 0 1 0 3 0 0 0 c 0 0 5 4
0 7 f f 0 0 0 0 0 0 0 6 0 1 0 3 0 0 1 7 0 0 1 3
0 6 7 c 0 0 0 0 0 0 0 6 0 1 0 3 0 0 1 4 0 0 2 c
0 6 2 b 0 0 0 0 0 0 0 6 0 1 0 3 0 0 1 6 0 0 3 7
0 4 c a 0 0 0 0 0 0 0 6 0 1 0 3 0 0 0 9 0 0 6 2
0 1 a 2 0 0 0 0 0 0 0 6 0 1 0 3 0 0 0 1 0 0 3 d
0 5 4 9 0 0 0 0 0 0 0 6 0 1 0 3 0 0 1 0 0 0 4 6
0 3 2 7 0 0 0 0 0 0 0 6 0 1 0 3 0 0 0 8 0 0 0 f
0 4 d c 0 0 0 0 0 0 0 6 0 1 0 3 0 0 0 c 0 0 1 0
0 4 a 5 0 0 0 0 0 0 0 6 0 1 0 3 0 0 0 9 0 0 4 a
0 2 1 a 0 0 0 0 0 0 0 6 0 1 0 3 0 0 0 3 0 0 6 1
0 2 9 f 0 0 0 0 0 0 0 6 0 1 0 3 0 0 0 4 0 0 0 1
0 5 e 3 0 0 0 0 0 0 0 6 0 1 0 3 0 0 0 c 0 0 1 3
0 3 1 2 0 0 0 0 0 0 0 6 0 1 0 3 0 0 0 2 0 0 6 0
0 2 1 7 0 0 0 0 0 0 0 6 0 1 0 3 0 0 0 4 0 0 6 5
0 1 2 2 0 0 0 0 0 0 0 6 0 1 0 3 0 0 0 3 0 0 1 c
0 4 5 a 0 0 0 0 0 0 0 6 0 1 0 3 0 0 0 a 0 0 5 2
0 7 6 3 0 0 0 0 0 0 0 6 0 1 0 3 0 0 1 5 0 0 2 7
0 6 0 0 0 0 0 0 0 0 0 6 0 1 0 3 0 0 0 c 0 0 1 d
0 0 8 8 0 0 0 0 0 0 0 6 0 1 0 3 0 0 0 1 0 0 4 6
0 9 3 0 0 0 0 0 0 0 0 6 0 1 0 3 0 0 1 5 0 0 4 6
0 8 3 8 0 0 0 0 0 0 0 6 0 1 0 3 0 0 1 5 0 0 5 6
0 6 6 b 0 0 0 0 0 0 0 6 0 1 0 3 0 0 1 5 0 0 6 e
0 1 2 7 0 0 0 0 0 0 0 6 0 1 0 3 0 0 0 3 0 0 0 6
0 1 8 6 0 0 0 0 0 0 0 6 0 1 0 3 0 0 0 3 0 0 6 d
0 6 8 1 0 0 0 0 0 0 0 6 0 1 0 3 0 0 1 1 0 0 4 c
0 9 f a 0 0 0 0 0 0 0 6 0 1 0 3 0 0 1 5 0 0 6 6
0 3 7 d 0 0 0 0 0 0 6 0 1 0 3 0 0 0 6 0 0 6 4 0
0 6 b b 0 0 0 0 0 0 0 6 0 1 0 3 0 0 0 d 0 0 3 9
0 9 8 b 0 0 0 0 0 0 0 6 0 1 0 3 0 0 1 2 0 0 4 e
0 2 6 1 0 0 0 0 0 0 0 6 0 1 0 3 0 0 0 2 0 0 5 0
0 2 9 3 0 0 0 0 0 0 0 6 0 1 0 3 0 0 0 4 0 0 5 0
0 6 4 b 0 0 0 0 0 0 0 6 0 1 0 3 0 0 1 6 0 0 1 1
0 7 9 0 0 0 0 0 0 0 0 6 0 1 0 3 0 0 1 0 0 0 0 d
0 2 c 6 0 0 0 0 0 0 0 6 0 1 0 3 0 0 0 5 0 0 4 7
0 0 8 2 0 0 0 0 0 0 0 6 0 1 0 3 0 0 0 1 0 0 4 9
0 0 c 7 0 0 0 0 0 0 0 6 0 1 0 3 0 0 0 0 0 0 5 9
0 3 5 d 0 0 0 0 0 0 0 6 0 1 0 3 0 0 0 7 0 0 1 5
0 5 8 d 0 0 0 0 0 0 0 6 0 1 0 3 0 0 0 a 0 0 1 e
0 5 8 5 0 0 0 0 0 0 0 6 0 1 0 3 0 0 0 b 0 0 6 d
0 7 e 0 0 0 0 0 0 0 0 6 0 1 0 3 0 0 1 6 0 0 3 f
0 3 9 5 0 0 0 0 0 0 0 6 0 1 0 3 0 0 0 6 0 0 6 e
0 8 c 4 0 0 0 0 0 0 0 6 0 1 0 3 0 0 1 7 0 0 0 1
0 2 0 2 0 0 0 0 0 0 0 6 0 1 0 3 0 0 0 3 0 0 5 8
0 7 c 8 0 0 0 0 0 0 0 6 0 1 0 3 0 0 1 0 0 0 4 0
0 5 8 e 0 0 0 0 0 0 0 6 0 1 0 3 0 0 0 e 0 0 4 e
0 9 a 9 0 0 0 0 0 0 0 6 0 1 0 3 0 0 1 4 0 0 4 e
0 4 2 b 0 0 0 0 0 0 0 6 0 1 0 3 0 0 0 3 0 0 3 6
0 7 3 4 0 0 0 0 0 0 0 6 0 1 0 3 0 0 0 5 0 0 5 7
0 4 9 5 0 0 0 0 0 0 0 6 0 1 0 3 0 0 0 4 0 0 4 5
0 a 4 f 0 0 0 0 0 0 0 6 0 1 0 3 0 0 1 0 0 0 3 8
0 1 8 0 0 0 0 0 0 0 0 6 0 1 0 3 0 0 0 3 0 0 5 a
0 5 e 8 0 0 0 0 0 0 0 6 0 1 0 3 0 0 0 c 0 0 2 9
0 1 4 6 0 0 0 0 0 0 0 6 0 1 0 3 0 0 0 4 0 0 0 e
0 0 8 6 0 0 0 0 0 0 0 6 0 1 0 3 0 0 0 1 0 0 1 6
0 8 7 0 0 0 0 0 0 0 0 6 0 1 0 3 0 0 1 0 0 0 5 8
0 7 4 1 0 0 0 0 0 0 0 6 0 1 0 3 0 0 0 9 0 0 2 7
0 0 e b 0 0 0 0 0 0 0 6 0 1 0 3 0 0 0 7 0 0 5 3
0 6 f d 0 0 0 0 0 0 0 6 0 1 0 3 0 0 1 2 0 0 3 e
0 3 e 7 0 0 0 0 0 0 0 6 0 1 0 3 0 0 0 6 0 0 6 5
0 4 7 a 0 0 0 0 0 0 0 6 0 1 0 3 0 0 0 9 0 0 2 a
0 5 8 8 0 0 0 0 0 0 0 6 0 1 0 3 0 0 0 b 0 0 3 e
0 3 4 0 0 0 0 0 0 0 0 6 0 1 0 3 0 0 0 6 0 0 3 f
0 4 5 e 0 0 0 0 0 0 0 6 0 1 0 3 0 0 0 f 0 0 4 9
0 6 d 1 0 0 0 0 0 0 0 6 0 1 0 3 0 0 1 7 0 0 0 5
0 5 6 8 0 0 0 0 0 0 0 6 0 1 0 3 0 0 0 b 0 0 0 3
0 7 d 2 0 0 0 0 0 0 0 6 0 1 0 3 0 0 1 5 0 0 5 d
0 3 5 9 0 0 0 0 0 0 0 6 0 1 0 3 0 0 0 7 0 0 2 4
0 6 0 3 0 0 0 0 0 0 0 6 0 1 0 3 0 0 1 0 0 0 5 4
0 5 4 e 0 0 0 0 0 0 0 6 0 1 0 3 0 0 0 b 0 0 0 4
0 2 0 5 0 0 0 0 0 0 0 6 0 1 0 3 0 0 0 4 0 0 2 3
0 3 8 3 0 0 0 0 0 0 0 6 0 1 0 3 0 0 0 6 0 0 5 d
0 5 e 7 0 0 0 0 0 0 0 6 0 1 0 3 0 0 0 c 0 0 2 c
0 6 2 6 0 0 0 0 0 0 0 6 0 1 0 3 0 0 1 6 0 0 5 c
0 7 d d 0 0 0 0 0 0 0 6 0 1 0 3 0 0 1 2 0 0 3 8
0 4 c 6 0 0 0 0 0 0 0 6 0 1 0 3 0 0 0 d 0 0 5 b
0 9 5 d 0 0 0 0 0 0 0 6 0 1 0 3 0 0 1 5 0 0 2 0
0 0 4 0 0 0 0 0 0 0 0 6 0 1 0 3 0 0 0 1 0 0 2 7
0 9 e 7 0 0 0 0 0 0 0 6 0 1 0 3 0 0 1 5 0 0 6 3
0 8 6 e 0 0 0 0 0 0 0 6 0 1 0 3 0 0 1 4 0 0 3 a
0 2 8 5 0 0 0 0 0 0 0 6 0 1 0 3 0 0 0 4 0 0 3 f
0 6 1 0 0 0 0 0 0 0 0 6 0 1 0 3 0 0 0 e 0 0 6 3
0 1 7 9 0 0 0 0 0 0 0 6 0 1 0 3 0 0 0 5 0 0 5 0
0 0 7 0 0 0 0 0 0 0 0 6 0 1 0 3 0 0 0 1 0 0 3 8
0 0 0 a 0 0 0 0 0 0 0 6 0 1 0 3 0 0 0 0 0 0 1 6
0 a 6 6 0 0 0 0 0 0 0 6 0 1 0 3 0 0 1 6 0 0 4 d
0 1 5 9 0 0 0 0 0 0 0 6 0 1 0 3 0 0 0 9 0 0 4 8
0 4 3 b 0 0 0 0 0 0 0 6 0 1 0 3 0 0 0 8 0 0 5 3
0 6 9 f 0 0 0 0 0 0 0 6 0 1 0 3 0 0 1 6 0 0 4 2
0 4 5 2 0 0 0 0 0 0 0 6 0 1 0 3 0 0 0 f 0 0 1 2
0 9 9 6 0 0 0 0 0 0 0 6 0 1 0 3 0 0 1 5 0 0 2 c
0 8 2 0 0 0 0 0 0 0 0 6 0 1 0 3 0 0 1 0 0 0 5 4
0 5 3 d 0 0 0 0 0 0 0 6 0 1 0 3 0 0 0 b 0 0 0 e
0 0 c 7 0 0 0 0 0 0 0 6 0 1 0 3 0 0 0 1 0 0 4 e
0 6 6 b 0 0 0 0 0 0 0 6 0 1 0 3 0 0 1 1 0 0 6 8
0 9 a b 0 0 0 0 0 0 0 6 0 1 0 3 0 0 1 5 0 0 3 e
0 5 9 4 0 0 0 0 0 0 0 6 0 1 0 3 0 0 0 2 0 0 1 9
0 1 e 2 0 0 0 0 0 0 0 6 0 1 0 3 0 0 0 5 0 0 3 4
0 7 1 b 0 0 0 0 0 0 0 6 0 1 0 3 0 0 0 9 0 0 2 a
0 4 1 2 0 0 0 0 0 0 0 6 0 1 0 3 0 0 0 a 0 0 1 b
0 2 0 2 0 0 0 0 0 0 0 6 0 1 0 3 0 0 0 2 0 0 5 a
0 2 5 9 0 0 0 0 0 0 0 6 0 1 0 3 0 0 0 3 0 0 4 8
0 0 9 6 0 0 0 0 0 0 0 6 0 1 0 3 0 0 0 1 0 0 5 2
0 3 1 2 0 0 0 0 0 0 0 6 0 1 0 3 0 0 0 5 0 0 7 b
0 0 2 7 0 0 0 0 0 0 0 6 0 1 0 3 0 0 0 6 0 0 3 0
0 7 b 7 0 0 0 0 0 0 0 6 0 1 0 3 0 0 1 5 0 0 5 1
0 2 a 0 0 0 0 0 0 0 0 6 0 1 0 3 0 0 0 5 0 0 3 4
0 0 8 6 0 0 0 0 0 0 0 6 0 1 0 3 0 0 0 b 0 0 2 0
0 4 7 1 0 0 0 0 0 0 0 6 0 1 0 3 0 0 0 a 0 0 4 0
0 0 7 4 0 0 0 0 0 0 0 6 0 1 0 3 0 0 0 1 0 0 7 c
0 3 b 2 0 0 0 0 0 0 0 6 0 1 0 3 0 0 0 8 0 0 4 0
0 4 c 3 0 0 0 0 0 0 0 6 0 1 0 3 0 0 0 9 0 0 2 a
0 9 8 a 0 0 0 0 0 0 0 6 0 1 0 3 0 0 1 3 0 0 7 8
0 8 0 d 8 0 0 0 0 0 0 0 6 0 1 0 3 0 0 0 e 0 0 3 0
0 0 5 b 0 0 0 0 0 0 0 6 0 1 0 3 0 0 0 0 0 0 6 a
0 1 f 2 0 0 0 0 0 0 0 6 0 1 0 3 0 0 0 f 0 0 2 b
0 0 7 0 0 0 0 0 0 0 0 6 0 1 0 3 0 0 0 0 0 0 4 5
0 4 a d 0 0 0 0 0 0 0 6 0 1 0 3 0 0 0 9 0 0 5 8
0 0 e 2 0 0 0 0 0 0 0 6 0 1 0 3 0 0 0 0 0 0 5 8
0 1 e 4 0 0 0 0 0 0 0 6 0 1 0 3 0 0 0 3 0 0 6 e
0 8 e b 0 0 0 0 0 0 0 6 0 1 0 3 0 0 1 5 0 0 3 0
0 0 0 3 0 0 0 0 0 0 0 6 0 1 0 3 0 0 0 0 0 0 7 0
0 1 4 6 0 0 0 0 0 0 0 6 0 1 0 3 0 0 0 2 0 0 4 1
0 1 0 f 0 0 0 0 0 0 0 6 0 1 0 3 0 0 0 4 0 0 5 d
0 6 2 f 0 0 0 0 0 0 0 6 0 1 0 3 0 0 1 6 0 0 2 7
0 2 5 e 0 0 0 0 0 0 0 6 0 1 0 3 0 0 0 5 0 0 5 3
0 9 3 f 0 0 0 0 0 0 0 6 0 1 0 3 0 0 1 5 0 0 3 c
0 2 3 a 0 0 0 0 0 0 0 6 0 1 0 3 0 0 0 5 0 0 6 1
0 4 7 2 0 0 0 0 0 0 0 6 0 1 0 3 0 0 0 9 0 0 6 7
0 9 6 5 0 0 0 0 0 0 0 6 0 1 0 3 0 0 1 3 0 0 0 9
0 0 5 1 0 0 0 0 0 0 0 6 0 1 0 3 0 0 0 0 0 0 4 e
0 2 d 0 0 0 0 0 0 0 0 6 0 1 0 3 0 0 0 5 0 0 6 5
0 0 9 0 0 0 6 0 1 0 3 0 0 0 4 0 0 5 9 0 0 0 0 0
0 1 f c 0 0 0 0 0 0 0 6 0 1 0 3 0 0 0 f 0 0 6 a
0 2 c e 0 0 0 0 0 0 0 6 0 1 0 3 0 0 0 8 0 0 5 8
0 7 a e 0 0 0 0 0 0 0 6 0 1 0 3 0 0 0 e 0 0 0 9
0 7 b 1 0 0 0 0 0 0 0 6 0 1 0 3 0 0 0 e 0 0 0 5
0 0 7 9 0 0 0 0 0 0 0 6 0 1 0 3 0 0 0 1 0 0 5 3
0 1 a f 0 0 0 0 0 0 0 6 0 1 0 3 0 0 0 2 0 0 2 f
0 0 3 6 0 0 0 0 0 0 0 6 0 1 0 3 0 0 0 0 0 0 5 0
0 9 2 d 0 0 0 0 0 0 0 6 0 1 0 3 0 0 1 4 0 0 4 2
0 1 9 6 0 0 0 0 0 0 0 6 0 1 0 3 0 0 0 2 0 0 5 e
0 0 6 3 0 0 0 0 0 0 0 6 0 1 0 3 0 0 0 1 0 0 4 4
0 0 f f 1 0 0 0 0 0 0 0 6 0 1 0 3 0 0 0 0 0 0 3 2
0 6 e d 0 0 0 0 0 0 0 6 0 1 0 3 0 0 1 0 0 0 6 3
0 6 2 5 0 0 0 0 0 0 0 6 0 1 0 3 0 0 1 6 0 0 5 0
0 6 2 6 0 0 0 0 0 0 0 6 0 1 0 3 0 0 1 4 0 0 5 1
0 1 5 b 0 0 0 0 0 0 0 6 0 1 0 3 0 0 0 3 0 0 3 3
0 7 9 2 0 0 0 0 0 0 0 6 0 1 0 3 0 0 1 6 0 0 5 3
0 4 4 0 0 0 0 0 0 0 0 6 0 1 0 3 0 0 0 3 0 0 4 c
0 0 6 8 0 0 0 0 0 0 0 6 0 1 0 3 0 0 0 7 0 0 5 1
0 a 3 5 0 0 0 0 0 0 0 6 0 1 0 3 0 0 1 0 0 0 5 8
0 8 f 8 0 0 0 0 0 0 0 6 0 1 0 3 0 0 1 5 0 0 4 e
0 4 5 7 0 0 0 0 0 0 0 6 0 1 0 3 0 0 0 a 0 0 6 4
0 5 0 3 0 0 0 0 0 0 0 6 0 1 0 3 0 0 0 b 0 0 6 1
0 4 0 2 0 0 0 0 0 0 0 6 0 1 0 3 0 0 0 5 0 0 3 8
0 4 1 c 0 0 0 0 0 0 0 6 0 1 0 3 0 0 0 6 0 0 6 c
0 8 c 7 0 0 0 0 0 0 0 6 0 1 0 3 0 0 1 2 0 0 3 1
0 9 1 6 0 0 0 0 0 0 0 6 0 1 0 3 0 0 1 0 0 0 1 5
0 7 6 4 0 0 0 0 0 0 0 6 0 1 0 3 0 0 1 0 0 0 2 1
0 7 c a 0 0 0 0 0 0 0 6 0 1 0 3 0 0 1 1 0 0 4 6
0 8 d 7 0 0 0 0 0 0 0 6 0 1 0 3 0 0 1 3 0 0 1 3
0 5 a 5 0 0 0 0 0 0 0 6 0 1 0 3 0 0 0 c 0 0 4 f
0 0 9 6 0 0 0 0 0 0 0 6 0 1 0 3 0 0 0 5 0 0 4 1
0 3 7 0 0 0 0 0 0 0 0 6 0 1 0 3 0 0 0 8 0 0 0 f
0 7 6 4 0 0 0 0 0 0 0 6 0 1 0 3 0 0 1 1 0 0 6 d
0 7 6 e 0 0 0 0 0 0 0 6 0 1 0 3 0 0 0 d 0 0 5 0
0 8 6 8 0 0 0 0 0 0 0 6 0 1 0 3 0 0 0 d 0 0 5 1
0 5 f 8 0 0 0 0 0 0 0 6 0 1 0 3 0 0 0 c 0 0 5 7
0 0 4 f 0 0 0 0 0 0 0 6 0 1 0 3 0 0 0 0 0 0 3 2
0 3 2 8 0 0 0 0 0 0 0 6 0 1 0 3 0 0 0 6 0 0 6 5
0 0 0 9 0 0 0 0 0 0 0 6 0 1 0 3 0 0 0 1 0 0 6 1
0 7 9 b 0 0 0 0 0 0 0 6 0 2 0 0 0 9 0 0 6 3 0 0
0 2 2 7 0 0 0 0 0 0 0 6 0 1 0 3 0 0 0 4 0 0 4 2
0 2 e 6 0 0 0 0 0 0 0 6 0 1 0 3 0 0 0 4 0 0 0 e
0 4 e 1 0 0 0 0 0 0 0 6 0 1 0 3 0 0 0 f 0 0 6 a
0 4 7 4 0 0 0 0 0 0 0 6 0 1 0 3 0 0 0 a 0 0 4 9
0 2 4 4 0 0 0 0 0 0 0 6 0 1 0 3 0 0 0 9 0 0 0 c
0 5 5 1 0 0 0 0 0 0 0 6 0 1 0 3 0 0 0 c 0 0 4 6
0 1 1 6 0 0 0 0 0 0 0 6 0 1 0 3 0 0 0 3 0 0 4 8
0 2 f 3 0 0 0 0 0 0 0 6 0 1 0 3 0 0 0 2 0 0 7 0
0 4 6 4 0 0 0 0 0 0 0 6 0 1 0 3 0 0 0 f 0 0 4 a
0 3 8 5 0 0 0 0 0 0 0 6 0 1 0 3 0 0 0 8 0 0 3 0
0 0 a 2 0 0 0 0 0 0 0 6 0 1 0 3 0 0 0 0 0 0 3 4
0 6 5 e 0 0 0 0 0 0 0 6 0 1 0 3 0 0 1 0 0 0 7 5
0 0 7 3 0 0 0 0 0 0 0 6 0 1 0 3 0 0 0 7 0 0 6 6
0 6 3 0 0 0 0 0 0 0 0 6 0 1 0 3 0 0 1 6 0 0 3 5
0 4 6 e 0 0 0 0 0 0 0 6 0 1 0 3 0 0 0 f 0 0 6 c
0 1 1 1 0 0 0 0 0 0 0 6 0 1 0 3 0 0 0 5 0 0 6 7
0 0 a c 0 0 0 0 0 0 0 6 0 1 0 3 0 0 0 1 0 0 4 6
0 0 7 7 0 0 0 0 0 0 0 8 0 0 0 3 0 0 0 0 0 0 0 6
0 9 7 c 0 0 0 0 0 0 0 6 0 1 0 3 0 0 1 3 0 0 3 6
0 a 0 c 0 0 0 0 0 0 0 6 0 1 0 3 0 0 1 1 0 0 6 f
0 5 b 3 0 0 0 0 0 0 0 6 0 1 0 3 0 0 0 c 0 0 2 f
0 9 a b 0 0 0 0 0 0 0 6 0 1 0 3 0 0 1 1 0 0 6 1
0 0 c 2 0 0 0 0 0 0 0 6 0 1 0 3 0 0 0 0 0 0 6 3
0 4 4 7 0 0 0 0 0 0 0 6 0 1 0 3 0 0 0 5 0 0 3 a
0 0 7 5 0 0 0 0 0 0 0 6 0 1 0 3 0 0 0 0 0 0 6 5
0 2 7 a 0 0 0 0 0 0 0 6 0 1 0 3 0 0 0 4 0 0 6 4
0 a 4 8 0 0 0 0 0 0 0 6 0 1 0 3 0 0 1 6 0 0 4 d
0 5 e 6 0 0 0 0 0 0 0 6 0 1 0 3 0 0 0 c 0 0 5 7
0 1 6 7 0 0 0 0 0 0 0 6 0 1 0 3 0 0 0 4 0 0 5 a
0 1 f a 0 0 0 0 0 0 0 6 0 1 0 3 0 0 0 4 0 0 4 6
0 2 c 2 0 0 0 0 0 0 0 6 0 1 0 3 0 0 0 2 0 0 4 d
0 4 2 9 0 0 0 0 0 0 0 6 0 1 0 3 0 0 0 5 0 0 3 6
0 7 e a 0 0 0 0 0 0 0 6 0 1 0 3 0 0 1 1 0 0 4 7
0 2 3 0 0 0 0 0 0 0 0 6 0 1 0 3 0 0 0 5 0 0 5 0
0 7 f c 0 0 0 0 0 0 0 6 0 1 0 3 0 0 1 7 0 0 6 7
0 2 7 0 0 0 0 0 0 0 0 6 0 1 0 3 0 0 0 4 0 0 4 4
0 6 6 4 0 0 0 0 0 0 0 6 0 1 0 3 0 0 1 0 0 0 1 a
0 7 b 1 0 0 0 9 0 0 0 0 0 0 0 5 e 0 0 0 0 0 0 0
0 0 1 4 0 0 0 0 0 0 0 6 0 1 0 3 0 0 0 8 0 0 5 f
0 4 d e 0 0 0 0 0 0 0 6 0 1 0 3 0 0 0 a 0 0 5 b
0 1 8 5 0 0 0 0 0 0 0 6 0 1 0 3 0 0 0 3 0 0 3 0
0 7 1 6 0 0 0 0 0 0 0 6 0 1 0 3 0 0 0 6 0 0 1 2
0 5 c 4 0 0 0 0 0 0 0 6 0 1 0 3 0 0 0 a 0 0 5 8
0 0 e 8 0 0 0 0 0 0 0 6 0 1 0 3 0 0 0 0 0 0 3 2
0 3 1 f 0 0 0 0 0 0 0 6 0 1 0 3 0 0 0 7 0 0 3 b
0 3 8 6 0 0 0 0 0 0 0 6 0 1 0 3 0 0 0 8 0 0 4 0
0 4 e f 0 0 0 0 0 0 0 6 0 1 0 3 0 0 0 9 0 0 6 2
0 5 6 9 0 0 0 0 0 0 0 6 0 1 0 3 0 0 0 a 0 0 2 b
0 a 4 5 0 0 0 0 0 0 0 6 0 1 0 3 0 0 1 4 0 0 5 e
0 4 4 e 0 0 0 0 0 0 0 6 0 1 0 3 0 0 0 5 0 0 4 8
0 6 c c 0 0 0 0 0 0 0 6 0 1 0 3 0 0 1 0 0 0 6 6
0 0 e 9 0 0 0 0 0 0 0 6 0 1 0 3 0 0 0 0 0 0 2 3
0 7 0 2 0 0 0 0 0 0 0 6 0 1 0 3 0 0 0 9 0 0 7 6
0 0 e 4 0 0 0 0 0 0 0 6 0 1 0 3 0 0 0 0 0 0 2 a
0 8 f b 0 0 0 0 0 0 0 6 0 1 0 3 0 0 1 2 0 0 2 5
0 2 c 3 0 0 0 0 0 0 0 6 0 1 0 3 0 0 0 3 0 0 5 8
0 8 4 4 0 0 0 0 0 0 0 6 0 1 0 3 0 0 1 6 0 0 3 7
0 5 b 3 0 0 0 0 0 0 0 6 0 1 0 3 0 0 0 b 0 0 2 f
0 6 8 f 0 0 0 0 0 0 0 6 0 1 0 3 0 0 0 e 0 0 6 6
0 0 d d 0 0 0 0 0 0 0 6 0 1 0 3 0 0 0 0 0 0 2 4
0 5 c 7 0 0 0 0 0 0 0 6 0 1 0 3 0 0 0 b 0 0 6 0
0 5 0 4 0 0 0 0 0 0 0 6 0 1 0 3 0 0 0 c 0 0 4 4
0 5 3 6 0 0 0 0 0 0 0 6 0 1 0 3 0 0 0 c 0 0 5 8
0 6 a c 0 0 0 0 0 0 0 6 0 1 0 3 0 0 1 6 0 0 3 e
0 6 f 5 0 0 0 0 0 0 0 6 0 1 0 5 0 0 7 0 0 0 0 0
0 8 7 e 0 0 0 0 0 0 0 6 0 1 0 3 0 0 1 3 0 0 0 2
0 9 0 5 0 0 0 0 0 0 0 6 0 1 0 3 0 0 0 d 0 0 4 5
0 8 f 8 0 0 0 0 0 0 0 6 0 1 0 3 0 0 1 6 0 0 6 0
0 9 d d 0 0 0 0 0 0 0 6 0 1 0 3 0 0 1 2 0 0 4 f
0 5 7 8 0 0 0 0 0 0 0 6 0 1 0 3 0 0 0 c 0 0 0 7
0 0 d 4 0 0 0 0 0 0 0 6 0 1 0 3 0 0 0 0 0 0 5 d
0 9 e 5 0 0 0 0 0 0 0 6 0 1 0 3 0 0 1 6 0 0 2 b
0 9 b 1 0 0 0 0 0 0 0 6 0 1 0 3 0 0 1 5 0 0 2 7
0 3 e d 0 0 0 0 0 0 0 6 0 1 0 3 0 0 0 7 0 0 2 4
0 3 2 c 0 0 0 0 0 0 0 6 0 1 0 3 0 0 0 0 0 0 4 a
0 4 b 3 0 0 0 0 0 0 0 6 0 1 0 3 0 0 0 9 0 0 0 5
0 4 d 8 0 0 0 0 0 0 0 6 0 1 0 3 0 0 0 9 0 0 4 6
0 0 9 5 0 0 0 0 0 0 0 6 0 1 0 3 0 0 0 8 0 0 4 b
0 0 d 8 0 0 0 0 0 0 0 6 0 1 0 3 0 0 0 0 0 0 5 2
0 3 e 4 0 0 0 0 0 0 0 6 0 1 0 3 0 0 0 4 0 0 4 d
0 a 1 2 0 0 0 0 0 0 0 6 0 1 0 3 0 0 1 6 0 0 4 3
0 5 0 7 0 0 0 0 0 0 0 6 0 1 0 3 0 0 0 c 0 0 5 0
0 9 c 2 0 0 0 0 0 0 0 6 0 1 0 3 0 0 1 5 0 0 0 e
0 5 7 d 0 0 0 0 0 0 0 6 0 1 0 3 0 0 0 a 0 0 4 b
0 6 d 8 0 0 0 0 0 0 0 6 0 1 0 3 0 0 1 4 0 0 6 1
0 9 9 0 0 0 0 0 0 0 0 6 0 1 0 3 0 0 1 4 0 0 3 3
0 2 e 8 0 0 0 0 0 0 0 6 0 1 0 3 0 0 0 2 0 0 4 3
0 1 6 6 0 0 0 0 0 0 0 6 0 1 0 3 0 0 0 6 0 0 0 2
0 4 4 0 0 0 0 0 0 0 0 6 0 1 0 3 0 0 0 4 0 0 3 2
0 3 e 0 0 0 0 0 0 0 0 6 0 1 0 3 0 0 0 7 0 0 6 5
0 4 7 f 0 0 0 0 0 0 0 6 0 1 0 3 0 0 1 0 0 0 5 8
0 4 e 5 0 0 0 0 0 0 0 6 0 1 0 3 0 0 0 a 0 0 6 0
0 4 a 9 0 0 0 0 0 0 0 6 0 1 0 3 0 0 0 9 0 0 3 1
0 1 e a 0 0 0 0 0 0 0 6 0 1 0 3 0 0 0 5 0 0 5 2
0 2 a 0 0 0 0 0 0 0 0 6 0 1 0 3 0 0 0 3 0 0 2 5
0 8 2 8 0 0 0 0 0 0 0 6 0 1 0 3 0 0 1 1 0 0 2 b
0 4 e e 0 0 0 0 0 0 0 6 0 1 0 3 0 0 0 a 0 0 2 f
0 8 1 d 0 0 0 0 0 0 0 6 0 1 0 3 0 0 1 7 0 0 0 5
0 a 6 0 0 0 0 0 0 0 0 6 0 1 0 3 0 0 1 0 0 0 5 3
0 9 9 c 0 0 0 0 0 0 0 6 0 1 0 3 0 0 1 2 0 0 4 4
0 2 e 1 0 0 0 0 0 0 0 6 0 1 0 3 0 0 0 3 0 2 1 0
0 1 6 3 0 0 0 0 0 0 0 6 0 1 0 3 0 0 0 4 0 0 5 1
0 3 a 9 0 0 0 0 0 0 0 6 0 1 0 3 0 0 0 6 0 0 4 c
0 0 d 4 0 0 0 0 0 0 0 6 0 1 0 3 0 0 0 0 0 0 5 6
0 4 2 0 0 0 0 0 0 0 0 6 0 1 0 3 0 0 0 2 0 0 5 d
0 6 7 c 0 0 0 0 0 0 0 6 0 1 0 3 0 0 1 5 0 0 4 8
0 2 5 e 0 0 0 0 0 0 0 6 0 1 0 3 0 0 0 3 0 0 3 5
0 3 a 3 0 0 0 0 0 0 0 6 0 1 0 3 0 0 0 6 0 0 5 5
0 0 4 0 0 0 0 0 0 0 0 6 0 1 0 3 0 0 0 1 0 0 4 9
0 5 a 9 0 0 0 0 0 0 0 6 0 1 0 3 0 0 0 c 0 0 6 b
0 a 2 b 0 0 0 0 0 0 0 6 0 1 0 3 0 0 1 4 0 0 1 5
0 9 5 5 0 0 0 0 0 0 0 6 0 1 0 3 0 0 1 4 0 0 4 3
0 8 b 1 0 0 0 0 0 0 0 6 0 1 0 3 0 0 1 5 0 0 0 a
0 6 d 4 0 0 0 0 0 0 0 6 0 1 0 3 0 0 0 d 0 0 7 0
0 0 d c 0 0 0 0 0 0 0 6 0 1 0 3 0 0 0 0 0 0 2 7
0 a 7 8 0 0 0 0 0 0 0 6 0 1 0 5 0 0 1 0 0 0 0 6
0 2 3 e 0 0 0 0 0 0 0 6 0 1 0 5 0 0 2 8 0 0 0 0
0 1 9 6 0 0 0 0 0 0 0 6 0 1 0 3 0 0 0 5 0 0 5 5
0 7 0 5 0 0 0 0 0 0 0 6 0 1 0 3 0 0 0 9 0 0 5 9
0 5 e 3 0 0 0 0 0 0 0 6 0 1 0 3 0 0 0 c 0 0 5 c
0 5 8 7 0 0 0 0 0 0 0 6 0 1 0 3 0 0 0 a 0 0 6 8
0 7 5 4 0 0 0 0 0 0 0 6 0 1 0 3 0 0 1 0 0 0 4 d
0 a 0 7 0 0 0 0 0 0 0 6 0 1 0 3 0 0 0 b 0 0 3 4
0 2 5 9 0 0 0 0 0 0 0 6 0 1 0 3 0 0 0 6 0 0 0 3
0 4 b a 0 0 0 0 0 0 0 6 0 1 0 3 0 0 0 9 0 0 4 b
0 9 9 8 0 0 0 0 0 0 0 6 0 1 0 3 0 0 1 3 0 0 1 a
0 6 7 7 0 0 0 0 0 0 0 6 0 1 0 3 0 0 1 1 0 0 6 0
0 4 3 6 0 0 0 0 0 0 0 6 0 1 0 3 0 0 0 3 0 0 5 f
0 9 c 5 0 0 0 0 0 0 0 6 0 1 0 3 0 0 0 d 0 0 6 6
0 4 b d 0 0 0 0 0 0 0 6 0 1 0 3 0 0 0 f 0 0 5 0
0 2 0 2 0 0 0 0 0 0 0 6 0 1 0 3 0 0 0 5 0 0 5 b
0 2 a c 0 0 0 0 0 0 0 6 0 1 0 3 0 0 0 3 0 0 3 d
0 9 1 e 0 0 0 0 0 0 0 6 0 1 0 3 0 0 1 5 0 0 1 4
0 0 6 b 0 0 0 0 0 0 0 6 0 1 0 3 0 0 0 7 0 0 4 6
0 8 6 2 0 0 0 0 0 0 0 6 0 1 0 3 0 0 1 2 0 0 5 c
0 1 7 7 0 0 0 0 0 0 0 6 0 1 0 3 0 0 0 3 0 0 5 9
0 0 3 9 0 0 0 0 0 0 0 6 0 1 0 3 0 0 0 7 0 0 3 0
0 6 c d 0 0 0 0 0 0 0 6 0 1 0 3 0 0 1 6 0 0 3 c
0 9 0 4 0 0 0 0 0 0 0 6 0 1 0 3 0 0 1 6 0 0 3 6
0 6 6 1 0 0 0 0 0 0 0 6 0 1 0 3 0 0 1 5 0 0 0 b
0 5 c 9 0 0 0 0 0 0 0 6 0 1 0 3 0 0 0 b 0 0 1 9
0 6 7 e 0 0 0 0 0 0 0 6 0 1 0 3 0 0 1 4 0 0 2 a
0 7 a f 0 0 0 0 0 0 0 6 0 1 0 3 0 0 1 0 0 0 7 6
0 a 4 8 0 0 0 0 0 0 0 6 0 1 0 3 0 0 1 5 0 0 5 c
0 1 6 7 0 0 0 0 0 0 0 6 0 1 0 3 0 0 0 4 0 0 3 6
0 4 6 8 0 0 0 0 0 0 0 6 0 1 0 3 0 0 0 d 0 0 0 3
0 1 3 6 0 0 0 0 0 0 0 6 0 1 0 3 0 0 0 2 0 0 6 b
0 1 c 6 0 0 0 0 0 0 0 6 0 1 0 3 0 0 0 5 0 0 3 1
0 3 2 e 0 0 0 0 0 0 0 6 0 1 0 3 0 0 0 7 0 0 5 1
0 8 e 2 0 0 0 0 0 0 0 6 0 1 0 3 0 0 1 6 0 0 5 2
0 6 3 b 0 0 0 0 0 0 0 6 0 1 0 3 0 0 0 e 0 0 6 9
0 7 b d 0 0 0 0 0 0 0 6 0 1 0 3 0 0 1 6 0 0 4 e
0 9 d 4 0 0 0 0 0 0 0 6 0 1 0 3 0 0 1 5 0 0 2 8
0 5 d a 0 0 0 0 0 0 0 6 0 1 0 3 0 0 0 c 0 0 3 7
0 9 0 0 0 0 0 0 0 0 0 6 0 1 0 3 0 0 1 4 0 0 4 4
0 0 c 2 0 0 0 0 0 0 0 6 0 1 0 3 0 0 0 0 0 0 5 4
0 5 e 2 0 0 0 0 0 0 0 6 0 1 0 3 0 0 0 c 0 0 0 0
0 8 d 0 0 0 0 0 0 0 0 6 0 1 0 3 0 0 1 4 0 0 5 4
0 0 e 7 0 0 0 0 0 0 0 6 0 1 0 3 0 0 0 0 0 0 4 5
0 6 e 1 0 0 0 0 0 0 0 6 0 1 0 3 0 0 0 d 0 0 3 5
0 8 b 7 0 0 0 0 0 0 0 6 0 1 0 3 0 0 1 2 0 0 5 2
0 9 6 c 0 0 0 0 0 0 0 6 0 1 0 3 0 0 1 2 0 0 1 3
0 0 3 0 0 0 0 0 0 0 0 6 0 1 0 3 0 0 0 2 0 0 5 b
0 3 8 8 0 0 0 0 0 0 0 6 0 1 0 3 0 0 0 8 0 0 0 b
0 4 8 d 0 0 0 0 0 0 0 6 0 1 0 3 0 0 0 9 0 0 4 c
0 7 1 c 0 0 0 0 0 0 0 6 0 1 0 3 0 0 0 9 0 0 3 e
0 5 c e 0 0 0 0 0 0 0 6 0 1 0 3 0 0 0 c 0 0 3 2
0 5 c 7 0 0 0 0 0 0 0 6 0 1 0 3 0 0 0 b 0 0 2 2
0 1 9 c 0 0 0 0 0 0 0 6 0 1 0 3 0 0 0 5 0 0 0 6
0 6 b d 0 0 0 0 0 0 0 6 0 1 0 3 0 0 1 1 0 0 5 c
0 a 0 1 0 0 0 0 0 0 0 6 0 1 0 3 0 0 0 f 0 0 1 5
0 3 c 5 0 0 0 0 0 0 0 6 0 1 0 3 0 0 0 8 0 0 5 2
0 6 2 9 0 0 0 0 0 0 0 6 0 1 0 3 0 0 1 5 0 0 4 b
0 5 6 9 0 0 0 0 0 0 0 6 0 1 0 3 0 0 0 b 0 0 1 0
0 0 b 8 0 0 0 0 0 0 0 6 0 1 0 3 0 0 0 1 0 0 0 5
0 3 7 5 0 0 0 0 0 0 0 6 0 1 0 3 0 0 0 0 0 0 2 f
0 1 6 c 0 0 0 0 0 0 0 6 0 1 0 3 0 0 0 4 0 0 1 1
0 a 0 0 0 0 0 0 0 0 0 6 0 1 0 3 0 0 1 4 0 0 2 1
0 1 3 4 0 0 0 0 0 0 0 6 0 1 0 3 0 0 0 3 0 0 5 f
0 6 8 c 0 0 0 0 0 0 0 6 0 1 0 3 0 0 0 9 0 0 2 5
0 7 f 2 0 0 0 0 0 0 0 6 0 1 0 3 0 0 1 5 0 0 6 3
0 6 8 0 0 0 0 0 0 0 0 6 0 1 0 3 0 0 0 9 0 0 5 7
0 7 e 0 0 0 0 0 0 0 0 6 0 1 0 3 0 0 1 6 0 0 4 7
0 2 c 2 0 0 0 0 0 0 0 6 0 1 0 3 0 0 0 3 0 0 1 4
0 0 0 1 0 0 0 0 0 0 0 6 0 1 0 3 0 0 0 0 0 0 5 d
0 4 5 3 0 0 0 0 0 0 0 6 0 1 0 3 0 0 0 9 0 0 6 7
0 4 7 c 0 0 0 0 0 0 0 6 0 1 0 3 0 0 0 4 0 0 7 0
0 4 f 7 0 0 0 0 0 0 0 6 0 1 0 3 0 0 0 9 0 0 5 e
0 1 b d 0 0 0 0 0 0 0 6 0 1 0 3 0 0 0 5 0 0 6 a
0 8 b 5 0 0 0 0 0 0 0 6 0 1 0 3 0 0 1 6 0 0 6 5
0 6 9 e 0 0 0 0 0 0 0 6 0 1 0 3 0 0 1 1 0 0 4 3
0 5 5 4 0 0 0 0 0 0 0 6 0 1 0 3 0 0 0 b 0 0 3 4
0 2 2 c 0 0 0 0 0 0 0 6 0 1 0 3 0 0 0 4 0 0 4 8
0 3 7 5 0 0 0 0 0 0 0 6 0 1 0 3 0 0 0 8 0 0 5 7
0 1 b 7 0 0 0 0 0 0 0 6 0 1 0 3 0 0 0 2 0 0 6 4
0 3 3 4 0 0 0 0 0 0 0 6 0 1 0 3 0 0 0 6 0 0 4 6
0 4 3 4 0 0 0 0 0 0 0 6 0 1 0 2 0 0 6 8 0 0 0 0
0 3 2 b 0 0 0 0 0 0 0 6 0 1 0 3 0 0 0 2 0 0 5 4
0 9 b 3 0 0 0 0 0 0 0 6 0 1 0 3 0 0 1 5 0 0 5 9
0 7 2 e 0 0 0 0 0 0 0 6 0 1 0 3 0 0 0 3 0 0 2 8
0 a 0 2 0 0 0 0 0 0 0 6 0 1 0 3 0 0 1 0 0 0 3 1
0 6 6 3 0 0 0 0 0 0 0 6 0 1 0 3 0 0 1 0 0 0 6 2
0 7 6 4 0 0 0 0 0 0 0 6 0 1 0 3 0 0 1 0 0 0 5 b
0 1 8 6 0 0 0 0 0 0 0 6 0 1 0 3 0 0 0 2 0 0 5 6
0 6 4 6 0 0 0 0 0 0 0 6 0 1 0 3 0 0 0 d 0 0 4 6
0 6 4 5 0 0 0 0 0 0 0 6 0 1 0 3 0 0 1 2 0 0 6 4
0 9 2 2 0 0 0 0 0 0 0 6 0 1 0 3 0 0 0 9 0 0 6 9
0 3 9 b 0 0 0 0 0 0 0 6 0 1 0 3 0 0 0 2 0 0 4 e
0 1 d 1 0 0 0 0 0 0 0 6 0 1 0 3 0 0 0 3 0 0 6 d
0 9 9 8 0 0 0 0 0 0 0 6 0 1 0 3 0 0 1 4 0 0 2 8
0 0 d 2 0 0 0 0 0 0 0 6 0 1 0 3 0 0 0 1 0 0 2 d
0 8 c d 0 0 0 0 0 0 0 0 6 0 1 0 3 0 0 0 e 0 0 1 8
0 1 d 5 0 0 0 0 0 0 0 6 0 1 0 3 0 0 0 8 0 0 4 4
0 7 d b 0 0 0 0 0 0 0 6 0 1 0 3 0 0 1 2 0 0 3 4
0 4 f 8 0 0 0 0 0 0 0 6 0 1 0 3 0 0 0 a 0 0 7 6
0 4 c b 0 0 0 0 0 0 0 6 0 1 0 3 0 0 0 9 0 0 4 c
0 3 b 9 0 0 0 0 0 0 0 6 0 1 0 3 0 0 0 6 0 1 0 3 0
0 2 2 1 0 0 0 0 0 0 0 6 0 1 0 3 0 0 0 2 0 0 6 7
0 8 f d 0 0 0 0 0 0 0 6 0 1 0 3 0 0 0 b 0 0 1 8
0 3 a 3 0 0 0 0 0 0 0 6 0 1 0 3 0 0 0 6 0 0 4 6
0 2 b 1 0 0 0 0 0 0 0 6 0 1 0 3 0 0 0 2 0 0 6 5
0 7 6 1 0 0 0 0 0 0 0 6 0 1 0 3 0 0 0 d 0 0 6 4
0 8 b f 0 0 0 0 0 0 0 6 0 1 0 3 0 0 1 4 0 0 2 a
0 8 0 f 0 0 0 0 0 0 0 6 0 1 0 3 0 0 1 0 0 0 2 0
0 8 6 2 0 0 0 0 0 0 0 6 0 1 0 3 0 0 1 5 0 0 4 2
0 7 c 4 0 0 0 0 0 0 0 6 0 1 0 3 0 0 0 d 0 0 4 2
0 8 8 6 0 0 0 0 0 0 0 6 0 1 0 3 0 0 1 1 0 0 0 a
0 6 b d 0 0 0 0 0 0 0 6 0 1 0 3 0 0 1 2 0 0 4 9
0 5 b f 0 0 0 0 0 0 0 6 0 1 0 3 0 0 0 b 0 0 0 e
0 6 4 8 0 0 0 0 0 0 0 6 0 1 0 3 0 0 1 0 0 0 4 a
0 1 5 0 0 0 0 0 0 0 0 6 0 1 0 3 0 0 0 4 0 0 1 1
0 1 3 2 0 0 0 0 0 0 0 6 0 1 0 3 0 0 0 2 0 0 4 f
0 5 3 9 0 0 0 0 0 0 0 6 0 1 0 3 0 0 0 7 0 0 1 a
0 8 f 1 0 0 0 0 0 0 0 6 0 1 0 3 0 0 1 6 0 0 6 b
0 1 4 4 0 0 0 0 0 0 0 6 0 1 0 3 0 0 0 4 0 0 3 1
0 9 9 f 0 0 0 0 0 0 0 6 0 1 0 3 0 0 1 5 0 0 2 f
0 a 5 3 0 0 0 0 0 0 0 6 0 1 0 3 0 0 1 1 0 0 1 b
0 0 e e 0 0 0 0 0 0 0 6 0 1 0 3 0 0 0 0 0 0 6 8
0 6 e 1 0 0 0 0 0 0 0 6 0 1 0 3 0 0 1 0 0 0 5 6
0 4 7 d 0 0 0 0 0 0 0 6 0 1 0 3 0 0 0 9 0 0 3 2
0 4 f 2 0 0 0 0 0 0 0 6 0 1 0 3 0 0 0 d 0 0 6 3
0 4 7 c 0 0 0 0 0 0 0 6 0 1 0 3 0 0 0 9 0 0 4 7
0 6 9 a 0 0 0 0 0 0 0 6 0 1 0 3 0 0 1 0 0 0 7 9
0 2 4 e 0 0 0 0 0 0 0 6 0 1 0 3 0 0 0 5 0 0 4 e
0 1 2 7 0 0 0 0 0 0 0 6 0 1 0 3 0 0 0 3 0 0 4 8
0 7 f 9 0 0 0 0 0 0 0 6 0 1 0 3 0 0 1 6 0 0 5 6
0 5 7 1 0 0 0 0 0 0 0 6 0 1 0 3 0 0 0 c 0 0 5 8
0 5 6 d 0 0 0 0 0 0 0 6 0 1 0 3 0 0 0 c 0 0 3 0
0 2 2 2 0 0 0 0 0 0 0 6 0 1 0 3 0 0 0 2 0 0 5 1
0 2 f 7 0 0 0 0 0 0 0 6 0 1 0 3 0 0 0 2 0 0 6 d
0 6 9 d 0 0 0 0 0 0 0 6 0 1 0 3 0 0 1 7 0 0 0 5
0 1 7 b 0 0 0 0 0 0 0 6 0 1 0 3 0 0 0 8 0 0 3 1
0 0 9 9 0 0 0 0 0 0 0 6 0 1 0 3 0 0 0 0 0 0 2 e
0 7 9 4 0 0 0 0 0 0 0 6 0 1 0 3 0 0 1 6 0 0 5 7
0 1 7 8 0 0 0 0 0 0 0 6 0 1 0 3 0 0 0 5 0 0 1 2
0 7 2 8 0 0 0 0 0 0 0 6 0 1 0 3 0 0 0 3 0 0 3 a
0 3 3 d 0 0 0 0 0 0 0 6 0 1 0 3 0 0 0 7 0 0 5 7
0 4 7 4 0 0 0 0 0 0 0 6 0 1 0 3 0 0 0 9 0 0 3 e
0 5 e d 0 0 0 0 0 0 0 6 0 1 0 3 0 0 0 c 0 0 5 5
0 2 2 7 0 0 0 0 0 0 0 6 0 1 0 3 0 0 0 8 0 0 5 2
0 4 0 d 0 0 0 0 0 0 0 6 0 1 0 3 0 0 0 3 0 0 1 8
0 8 b 7 0 0 0 0 0 0 0 6 0 1 0 3 0 0 1 5 0 0 4 3
0 2 1 0 0 0 0 0 0 0 0 6 0 1 0 3 0 0 0 3 0 0 4 7
0 9 8 6 0 0 0 0 0 0 0 6 0 1 0 3 0 0 1 4 0 0 5 5
0 2 3 c 0 0 0 0 0 0 0 6 0 1 0 3 0 0 0 5 0 0 6 2
0 3 9 e 0 0 0 0 0 0 0 6 0 1 0 3 0 0 0 6 0 0 4 1
0 1 8 3 0 0 0 0 0 0 0 6 0 1 0 3 0 0 0 4 0 0 1 c
0 5 f 6 0 0 0 0 0 0 0 6 0 1 0 3 0 0 0 c 0 0 5 d
0 3 3 6 0 0 0 0 0 0 0 6 0 1 0 3 0 0 0 6 0 0 7 2
0 4 5 f 0 0 0 0 0 0 0 6 0 1 0 3 0 0 0 9 0 0 5 f
0 5 c 9 0 0 0 0 0 0 0 6 0 1 0 3 0 0 0 c 0 0 5 b
0 1 7 4 0 0 0 0 0 0 0 6 0 1 0 3 0 0 0 5 0 0 1 2
0 3 2 8 0 0 0 0 0 0 0 7 5 0 0 0 0 0 0 0 6 0 1 0
0 5 6 d 0 0 0 0 0 0 0 6 0 1 0 3 0 0 0 c 0 0 0 e
0 2 c f 0 0 0 0 0 0 0 6 0 1 0 3 0 0 0 4 0 0 4 7
0 0 d 7 0 0 0 0 0 0 0 6 0 1 0 3 0 0 0 0 0 0 5 6
0 4 a e 0 0 0 0 0 0 0 6 0 1 0 3 0 0 0 a 0 0 7 0
0 4 b a 0 0 0 0 0 0 0 6 0 1 0 3 0 0 0 f 0 0 6 c
0 6 2 b 0 0 0 0 0 0 0 6 0 1 0 3 0 0 0 f 0 0 4 a
0 5 9 c 0 0 0 0 0 0 0 6 0 1 0 3 0 0 0 b 0 0 2 e
0 0 2 e 0 0 0 0 0 0 0 4 0 0 0 9 0 0 0 0 0 0 0 6 0
0 4 4 5 0 0 0 0 0 0 0 6 0 1 0 3 0 0 0 5 0 0 6 9
0 8 d 7 0 0 0 0 0 0 0 6 0 1 0 3 0 0 1 5 0 0 3 e
0 6 d 4 0 0 0 0 0 0 0 6 0 1 0 3 0 0 1 1 0 0 6 b
0 2 8 b 0 0 0 0 0 0 0 6 0 1 0 3 0 0 0 5 0 0 4 4
0 a 3 7 0 0 0 0 0 0 0 6 0 1 0 3 0 0 1 6 0 0 6 b
0 7 7 5 0 0 0 0 0 0 0 6 0 1 0 3 0 0 1 4 0 0 0 e
0 5 7 f 0 0 0 0 0 0 0 6 0 1 0 3 0 0 0 c 0 0 7 2
0 6 2 c 0 0 0 0 0 0 0 6 0 1 0 3 0 0 1 0 0 0 5 2
0 7 e 0 0 0 0 0 0 0 0 6 0 1 0 3 0 0 1 1 0 0 4 6
0 6 0 a 0 0 0 0 0 0 0 6 0 1 0 3 0 0 1 0 0 0 5 d
0 6 e c 0 0 0 0 0 0 0 6 0 1 0 3 0 0 1 1 0 0 4 8
0 4 e b 0 0 0 0 0 0 0 6 0 1 0 3 0 0 0 d 0 0 6 0
0 6 3 7 0 0 0 0 0 0 0 6 0 1 0 3 0 0 1 4 0 0 1 6
0 5 4 3 0 0 0 0 0 0 0 6 0 1 0 3 0 0 0 e 0 0 5 5
0 6 d d 0 0 0 0 0 0 0 6 0 1 0 3 0 0 1 0 0 0 2 5
0 4 7 1 0 0 0 0 0 0 0 6 0 1 0 3 0 0 0 e 0 0 5 9
0 0 9 1 0 0 0 0 0 0 0 6 0 1 0 3 0 0 0 0 0 0 2 c
0 2 3 7 0 0 0 0 0 0 0 6 0 1 0 3 0 0 0 2 0 0 5 d
0 4 0 1 0 0 0 0 0 0 0 6 0 1 0 3 0 0 0 8 0 0 4 7
0 0 f 1 0 0 0 0 0 0 0 6 0 1 0 3 0 0 0 1 0 0 6 3
0 9 e a 0 0 0 0 0 0 0 6 0 1 0 3 0 0 1 6 0 0 2 2
0 7 d 4 0 0 0 0 0 0 0 6 0 1 0 3 0 0 1 7 0 0 0 3
0 6 4 b 0 0 0 0 0 0 0 6 0 1 0 3 0 0 1 6 0 0 6 a
0 8 d 2 0 0 0 0 0 0 0 6 0 1 0 3 0 0 1 3 0 0 2 0
0 6 0 3 0 0 0 0 0 0 0 6 0 1 0 3 0 0 1 5 0 0 4 5
0 4 4 3 0 0 0 0 0 0 0 6 0 1 0 3 0 0 0 4 0 0 6 2
0 6 1 7 0 0 0 0 0 0 0 6 0 1 0 3 0 0 1 6 0 0 5 2
0 6 2 b 0 0 0 0 0 0 0 6 0 1 0 3 0 0 1 1 0 0 6 f
0 8 3 6 0 0 0 0 0 0 0 6 0 1 0 3 0 0 1 7 0 0 0 2
0 a 4 8 0 0 0 0 0 0 0 6 0 1 0 3 0 0 1 4 0 0 4 3
0 3 c d 0 0 0 0 0 0 0 6 0 1 0 3 0 0 0 6 0 0 2 6
0 9 b 5 0 0 0 0 0 0 0 6 0 1 0 3 0 0 1 3 0 0 6 c
0 0 e b 0 0 0 0 0 0 0 6 0 1 0 3 0 0 0 6 0 0 3 d
0 0 5 c 0 0 0 0 0 0 0 6 0 1 0 3 0 0 0 1 0 0 5 5
0 9 5 f 0 0 0 0 0 0 0 6 0 1 0 3 0 0 1 5 0 0 4 9
0 9 a 4 0 0 0 0 0 0 0 6 0 1 0 3 0 0 1 5 0 0 2 6
0 4 a 6 0 0 0 0 0 0 0 6 0 1 0 3 0 0 0 9 0 0 5 1
0 0 d 7 0 0 0 0 0 0 0 6 0 1 0 3 0 0 0 1 0 0 6 6
0 6 9 5 0 0 0 0 0 0 0 6 0 1 0 3 0 0 1 1 0 0 1 7
0 1 0 3 0 0 0 0 0 0 0 6 0 1 0 3 0 0 0 3 0 0 7 1
0 8 5 3 0 0 0 0 0 0 0 6 0 1 0 3 0 0 1 5 0 0 5 5
0 0 7 1 0 0 0 0 0 0 0 6 0 1 0 3 0 0 0 0 0 0 2 4
0 4 b 8 0 0 0 0 0 0 0 6 0 1 0 3 0 0 0 f 0 0 6 b
0 2 f 5 0 0 0 0 0 0 0 6 0 1 0 3 0 0 0 4 0 0 4 1
0 5 8 d 0 0 0 0 0 0 0 6 0 1 0 3 0 0 0 b 0 0 2 7
0 5 1 8 0 0 0 0 0 0 0 6 0 1 0 3 0 0 0 c 0 0 4 9
0 9 c 9 0 0 0 0 0 0 0 6 0 1 0 3 0 0 1 2 0 0 4 5
0 4 e 4 0 0 0 0 0 0 0 6 0 1 0 3 0 0 0 f 0 0 4 9
0 0 c f 0 0 0 0 0 0 0 6 0 1 0 3 0 0 0 1 0 0 4 5
0 5 5 1 0 0 0 0 0 0 0 6 0 1 0 3 0 0 0 c 0 0 5 2
0 a 8 b 0 0 0 0 0 0 0 6 0 1 0 3 0 0 1 0 0 0 5 e
0 5 0 f 0 0 0 0 0 0 0 6 0 1 0 3 0 0 0 a 0 0 3 b
0 5 c 4 0 0 0 0 0 0 0 6 0 1 0 3 0 0 0 c 0 0 6 9
0 5 9 8 0 0 0 0 0 0 0 6 0 1 0 3 0 0 0 a 0 0 6 c
0 6 b 0 0 0 0 0 0 0 0 6 0 1 0 3 0 0 1 3 0 0 4 8
0 5 8 a 0 0 0 0 0 0 0 6 0 1 0 3 0 0 0 c 0 0 2 2
0 1 7 f 0 0 0 0 0 0 0 6 0 1 0 3 0 0 0 6 0 0 0 6
0 9 0 b 0 0 0 0 0 0 0 6 0 1 0 3 0 0 0 d 0 0 5 2
0 6 8 9 0 0 0 0 0 0 0 6 0 1 0 3 0 0 1 6 0 0 4 6
0 4 5 6 0 0 0 0 0 0 0 6 0 1 0 3 0 0 0 a 0 0 4 8
0 5 3 1 2 0 0 0 0 0 0 0 6 0 1 0 3 0 0 0 b 0 0 5 3
0 6 0 3 0 0 0 0 0 0 0 6 0 1 0 3 0 0 0 b 0 0 0 3
0 4 2 1 0 0 0 0 0 0 0 6 0 1 0 3 0 0 0 6 0 0 0 8
0 0 b 2 0 0 0 0 0 0 0 6 0 1 0 3 0 0 0 1 0 0 0 7
0 5 6 4 0 0 0 0 0 0 0 6 0 1 0 3 0 0 0 c 0 0 0 7
0 0 5 9 0 0 0 0 0 0 0 6 0 1 0 3 0 0 0 1 0 0 2 d
0 5 a f 0 0 0 0 0 0 0 6 0 1 0 3 0 0 0 c 0 0 5 2
0 0 e 8 0 0 0 0 0 0 0 6 0 1 0 3 0 0 0 4 0 0 4 b
0 4 5 6 0 0 0 0 0 0 0 6 0 1 0 3 0 0 0 5 0 0 4 8
0 7 f f 0 0 0 0 0 0 0 6 0 1 0 3 0 0 1 1 0 0 2 0
0 0 2 8 0 0 0 0 0 0 0 6 0 1 0 3 0 0 0 1 0 0 1 2
0 5 5 2 0 0 0 0 0 0 0 6 0 1 0 3 0 0 0 c 0 0 6 2
0 5 4 f 0 0 0 0 0 0 0 6 0 1 0 3 0 0 0 c 0 0 4 a
0 a 9 1 0 0 0 0 0 0 0 6 0 1 0 3 0 0 1 0 0 0 4 c
0 1 c e 0 0 0 0 0 0 0 6 0 1 0 3 0 0 0 3 0 0 6 9
0 8 d 9 0 0 0 0 0 0 0 6 0 1 0 3 0 0 1 3 0 0 6 e
0 6 0 6 0 0 0 0 0 0 0 6 0 1 0 3 0 0 1 0 0 0 6 9
0 0 5 8 0 0 0 0 0 0 0 6 0 1 0 3 0 0 0 1 0 0 7 2
0 6 f 9 0 0 0 0 0 0 0 6 0 1 0 3 0 0 0 e 0 0 6 1
0 5 a 7 0 0 0 0 0 0 0 6 0 1 0 3 0 0 0 b 0 0 2 2
0 8 d d 0 0 0 0 0 0 0 6 0 1 0 3 0 0 1 4 0 0 4 7
0 2 2 1 0 0 0 0 0 0 0 6 0 1 0 3 0 0 0 3 0 0 7 7
0 1 e 6 0 0 0 0 0 0 0 6 0 1 0 3 0 0 0 5 0 0 2 7
0 9 e 5 0 0 0 0 0 0 0 6 0 1 0 3 0 0 1 3 0 0 6 f
0 1 7 8 0 0 0 0 0 0 0 6 0 1 0 3 0 0 0 6 0 0 0 c
0 8 e c 0 0 0 0 0 0 0 6 0 1 0 3 0 0 1 4 0 0 5 a
0 9 0 0 0 0 0 0 0 0 0 6 0 1 0 3 0 0 1 0 0 0 4 b
0 9 1 d 0 0 0 0 0 0 0 6 0 1 0 3 0 0 1 0 0 0 4 0
0 1 d a 0 0 0 0 0 0 0 6 0 1 0 3 0 0 0 2 0 0 4 5
0 5 8 e 0 0 0 0 0 0 0 6 0 1 0 3 0 0 0 c 0 0 2 3
0 9 b 1 0 0 0 0 0 0 0 6 0 1 0 3 0 0 1 3 0 0 6 a
0 a 4 6 0 0 0 0 0 0 0 6 0 1 0 3 0 0 1 4 0 0 4 7
0 5 6 6 0 0 0 0 0 0 0 6 0 1 0 3 0 0 0 a 0 0 6 6
0 2 a 3 0 0 0 0 0 0 0 6 0 1 0 3 0 0 0 8 0 0 7 4
0 6 7 1 0 0 0 0 0 0 0 6 0 1 0 3 0 0 1 6 0 0 5 a
0 2 a 4 0 0 0 0 0 0 0 6 0 1 0 3 0 0 0 2 0 0 5 0
0 0 f c 0 0 0 0 0 0 0 6 0 1 0 3 0 0 0 0 0 0 4 4
0 9 0 6 0 0 0 0 0 0 0 6 0 1 0 3 0 0 0 e 0 0 4 c
0 6 a 1 0 0 0 0 0 0 0 6 0 1 0 3 0 0 1 1 0 0 1 9
0 4 7 c 0 0 0 0 0 0 0 6 0 1 0 3 0 0 0 e 0 0 3 6
0 1 9 9 0 0 0 0 0 0 0 6 0 1 0 3 0 0 0 2 0 0 5 e
0 4 9 5 0 0 0 0 0 0 0 6 0 1 0 3 0 0 0 9 0 0 6 0
0 a 2 4 0 0 0 0 0 0 0 6 0 1 0 3 0 0 0 d 0 0 4 b
0 3 a 6 0 0 0 0 0 0 0 6 0 1 0 3 0 0 0 8 0 0 4 c
0 3 5 a 0 0 0 0 0 0 0 6 0 1 0 3 0 0 0 7 0 0 3 2
0 0 0 8 0 0 0 0 0 0 0 6 0 1 0 3 0 0 0 0 0 0 0 8
0 0 b 8 0 0 0 0 0 0 0 6 0 1 0 3 0 0 0 1 0 0 5 c
0 0 5 e 0 0 0 0 0 0 0 6 0 1 0 3 0 0 0 0 0 0 5 8
0 1 5 9 0 0 0 0 0 0 0 6 0 1 0 3 0 0 0 4 0 0 5 b
0 4 2 c 0 0 0 0 0 0 0 6 0 1 0 3 0 0 0 a 0 0 1 9
0 8 2 f 0 0 0 0 0 0 0 6 0 1 0 3 0 0 1 2 0 0 0 8
0 4 3 9 0 0 0 0 0 0 0 6 0 1 0 3 0 0 0 2 0 0 4 4
0 2 0 8 0 0 0 0 0 0 0 6 0 1 0 3 0 0 0 5 a 0 0 0
0 4 c 4 0 0 0 0 0 0 0 6 0 1 0 3 0 0 0 a 0 0 1 8
0 7 6 2 0 0 0 0 0 0 0 6 0 1 0 3 0 0 0 d 0 0 4 5
0 7 0 e 0 0 0 0 0 0 0 6 0 1 0 3 0 0 0 a 0 0 4 f
0 8 a d 0 0 0 0 0 0 0 6 0 1 0 3 0 0 1 2 0 0 5 2
0 8 3 b 0 0 0 0 0 0 0 6 0 1 0 3 0 0 1 4 0 0 4 8
0 5 b 2 0 0 0 0 0 0 0 6 0 1 0 3 0 0 0 c 0 0 5 e
0 5 b 9 0 0 0 0 0 0 0 6 0 1 0 3 0 0 0 c 0 0 4 1
0 0 9 5 0 0 0 0 0 0 0 6 0 1 0 3 0 0 0 1 0 0 4 3
0 6 6 2 0 0 0 0 0 0 0 6 0 1 0 3 0 0 1 2 0 0 5 a
0 7 9 5 0 0 0 0 0 0 0 6 0 1 0 3 0 0 0 d 0 0 5 f
0 9 9 7 0 0 0 0 0 0 0 6 0 1 0 3 0 0 1 5 0 0 6 3
0 3 3 9 0 0 0 0 0 0 0 6 0 1 0 3 0 0 0 7 0 0 0 f
0 8 1 1 0 0 0 0 0 0 0 6 0 1 0 3 0 0 1 1 0 0 6 5
0 1 e 5 0 0 0 0 0 0 0 6 0 1 0 3 0 0 0 2 0 0 4 a
0 3 8 3 0 0 0 0 0 0 0 6 0 1 0 3 0 0 0 7 0 0 6 0
0 2 1 1 0 0 0 0 0 0 0 6 0 1 0 3 0 0 0 5 0 0 6 f
0 4 c 3 0 0 0 0 0 0 0 6 0 1 0 3 0 0 0 9 0 0 2 5
0 6 0 b 0 0 0 0 0 0 0 6 0 1 0 3 0 0 0 d 0 0 5 0
0 3 e 6 0 0 0 0 0 0 0 6 0 1 0 3 0 0 0 6 0 0 6 d
0 0 5 3 0 0 0 0 0 0 0 6 0 1 0 3 0 0 0 0 0 0 5 0
0 7 3 6 0 0 0 0 0 0 0 6 0 1 0 2 0 0 1 2 0 0 5 b
0 0 4 e 0 0 0 0 0 0 0 6 0 1 0 3 0 0 0 7 0 0 2 c
0 6 7 9 0 0 0 0 0 0 0 6 0 1 0 3 0 0 1 4 0 0 6 7
0 0 3 6 0 0 0 0 0 0 0 6 0 1 0 3 0 0 0 1 0 0 2 8
0 5 2 c 0 0 0 0 0 0 0 6 0 1 0 3 0 0 0 7 0 0 0 5
0 6 4 b 0 0 0 0 0 0 0 6 0 1 0 2 0 0 1 c 0 0 0 0
0 7 0 7 0 0 0 0 0 0 0 6 0 1 0 3 0 0 0 f 0 0 5 7
0 3 3 1 b 0 0 0 0 0 0 0 6 0 1 0 3 0 0 0 7 0 0 4 5
0 1 e f 0 0 0 0 0 0 0 6 0 1 0 3 0 0 0 3 0 0 1 c
0 2 2 b 0 0 0 0 0 0 0 6 0 1 0 3 0 0 0 4 0 0 3 b
0 1 5 2 0 0 0 0 0 0 0 6 0 1 0 3 0 0 0 3 0 0 4 8
0 8 0 8 0 0 0 0 0 0 0 6 0 1 0 3 0 0 0 a 0 0 7 0
0 1 d 3 0 0 0 0 0 0 0 6 0 1 0 3 0 0 0 3 0 0 3 e
0 8 6 7 0 0 0 0 0 0 0 6 0 1 0 3 0 0 1 5 0 0 2 4
0 2 5 1 0 0 0 0 0 0 0 6 0 1 0 3 0 0 0 8 0 0 5 1
0 0 0 4 0 0 0 0 0 0 0 6 0 1 0 3 0 0 0 1 0 0 4 9
0 9 9 6 0 0 0 0 0 0 0 6 0 1 0 3 0 0 1 4 0 0 4 5
0 0 2 c 0 0 0 0 0 0 0 6 0 1 0 3 0 0 0 1 0 0 1 7
0 5 1 8 0 0 0 0 0 0 0 6 0 1 0 3 0 0 0 b 0 0 4 8
0 a 4 b 0 0 0 0 0 0 0 6 0 1 0 3 0 0 1 2 0 0 5 9
0 3 2 e 0 0 0 0 0 0 0 6 0 1 0 3 0 0 0 6 0 0 5 7
0 5 0 5 0 0 0 0 0 0 0 6 0 1 0 3 0 0 0 c 0 0 3 5
0 5 0 7 0 0 0 0 0 0 0 6 0 1 0 3 0 0 0 a 0 0 2 5
0 1 d e 0 0 0 0 0 0 0 6 0 1 0 3 0 0 0 4 0 0 5 3
0 7 0 b 0 0 0 0 0 0 0 6 0 1 0 3 0 0 0 9 0 0 3 1
0 2 5 8 0 0 0 0 0 0 0 6 0 1 0 3 0 0 0 5 0 0 4 e
0 4 0 5 0 0 0 0 0 0 0 6 0 1 0 3 0 0 0 8 0 0 0 5
0 3 6 4 0 0 0 0 0 0 0 6 0 1 0 3 0 0 0 8 0 0 1 0
0 2 a 1 0 0 0 0 0 0 0 6 0 1 0 3 0 0 0 4 0 0 2 7
0 2 4 9 0 0 0 0 0 0 0 6 0 1 0 3 0 0 0 4 0 0 3 6
0 7 0 5 0 0 0 0 0 0 0 6 0 1 0 3 0 0 0 5 0 0 2 3
0 1 7 3 0 0 0 0 0 0 0 6 0 1 0 3 0 0 0 2 0 0 6 a
0 0 8 a 0 0 0 0 0 0 0 6 0 1 0 3 0 0 0 1 0 0 5 0
0 7 6 f 0 0 0 0 0 0 0 6 0 1 0 3 0 0 1 3 0 0 6 d
0 0 a 1 0 0 0 0 0 0 0 6 0 1 0 3 0 0 0 0 0 0 3 e
0 0 7 4 0 0 0 0 0 0 0 6 0 1 0 3 0 0 0 1 0 0 5 f
0 3 3 1 0 0 0 0 0 0 0 6 0 1 0 3 0 0 0 1 0 0 4 8
0 5 a 8 0 0 0 0 0 0 0 6 0 1 0 3 0 0 0 b 0 0 0 e
0 0 2 8 0 0 0 0 0 0 0 6 0 1 0 3 0 0 0 1 0 0 5 d
0 7 e 7 0 0 0 0 0 0 0 6 0 1 0 3 0 0 1 6 0 0 4 7
0 6 2 7 0 0 0 0 0 0 0 6 0 1 0 3 0 0 0 e 0 0 4 4
0 3 8 7 0 0 0 0 0 0 0 6 0 1 0 3 0 0 0 6 0 0 2 2
0 4 a b 0 0 0 0 0 0 0 6 0 1 0 3 0 0 0 9 0 0 4 b
0 0 a c 0 0 0 0 0 0 0 6 0 1 0 3 0 0 0 0 0 0 7 1
0 4 4 c 0 0 0 0 0 0 0 6 0 1 0 3 0 0 0 2 0 0 0 c
0 4 c 9 0 0 0 0 0 0 0 6 0 1 0 3 0 0 0 9 0 0 6 e
0 6 6 c 0 0 0 0 0 0 0 6 0 1 0 3 0 0 1 6 0 0 4 7
0 1 7 6 0 0 0 0 0 0 0 6 0 1 0 3 0 0 0 5 0 0 1 b
0 3 9 3 0 0 0 0 0 0 0 6 0 1 0 3 0 0 0 7 0 0 6 8
0 0 c d 0 0 0 0 0 0 0 6 0 1 0 3 0 0 0 0 0 0 1 a
0 4 c 5 0 0 0 0 0 0 0 6 0 1 0 3 0 0 0 d 0 0 4 d
0 1 2 b 0 0 0 0 0 0 0 6 0 1 0 3 0 0 0 4 0 0 5 4
0 7 9 6 0 0 0 0 0 0 0 6 0 1 0 3 0 0 1 6 0 0 4 3
0 0 4 b 0 0 0 0 0 0 0 6 0 1 0 3 0 0 0 0 0 0 3 e
0 0 c e 0 0 0 0 0 0 0 6 0 1 0 3 0 0 0 0 0 0 5 c
0 9 6 5 0 0 0 0 0 0 0 8 7 0 0 0 6 0 1 0 3 0 0 1 2
0 8 1 b 0 0 0 0 0 0 0 6 0 1 0 3 0 0 0 e 0 0 5 c
0 1 d 2 0 0 0 0 0 0 0 6 0 1 0 3 0 0 0 2 0 0 6 8
0 5 6 e 0 0 0 0 0 0 0 6 0 1 0 3 0 0 0 c 0 0 1 f
0 9 4 0 0 0 0 0 0 0 0 6 0 1 0 3 0 0 0 b 0 0 5 4
0 4 e a 0 0 0 0 0 0 0 6 0 1 0 3 0 0 0 9 0 0 4 e
0 7 5 e 0 0 0 0 0 0 0 6 0 1 0 3 0 0 1 6 0 0 4 c
0 5 5 1 0 0 0 0 0 0 0 6 0 1 0 3 0 0 0 b 0 0 4 2
0 9 9 6 0 0 0 0 0 0 0 6 0 1 0 3 0 0 1 5 0 0 4 d
0 6 d e 0 0 0 0 0 0 0 6 0 1 0 3 0 0 1 6 0 0 2 1
0 6 4 8 0 0 0 0 0 0 0 6 0 1 0 3 0 0 1 0 0 0 4 e
0 4 c 7 0 0 0 0 0 0 0 6 0 1 0 3 0 0 0 9 0 0 3 7
0 7 8 e 0 0 0 0 0 0 0 6 0 1 0 3 0 0 1 4 0 0 6 e
0 0 a c 0 0 0 0 0 0 0 6 0 1 0 3 0 0 0 0 0 0 4 c
0 5 6 8 0 0 0 0 0 0 0 6 0 1 0 3 0 0 0 c 0 0 1 6
0 5 a 9 0 0 0 0 0 0 0 6 0 1 0 3 0 0 0 c 0 0 5 7
0 7 9 5 0 0 0 0 0 0 0 6 0 1 0 3 0 0 1 5 0 0 5 d
0 3 b 9 0 0 0 0 0 0 0 6 0 1 0 3 0 0 0 6 0 1 0 3 0
0 5 4 c 0 0 0 0 0 0 0 6 0 1 0 3 0 0 0 c 0 0 5 3
0 5 7 a 0 0 0 0 0 0 0 6 0 1 0 3 0 0 0 c 0 0 1 1
0 9 0 c 0 0 0 0 0 0 0 6 0 1 0 3 0 0 1 7 0 0 0 f
0 6 4 0 0 0 0 0 0 0 0 6 0 1 0 3 0 0 1 7 0 0 0 f
0 8 4 6 0 0 0 0 0 0 0 6 0 1 0 3 0 0 1 5 0 0 3 8
0 9 3 6 0 0 0 0 0 0 0 6 0 1 0 3 0 0 1 5 0 0 4 4
0 6 c 4 0 0 0 0 0 0 0 6 0 1 0 3 0 0 0 f 0 0 5 4
0 2 5 9 0 0 0 0 0 0 0 6 0 1 0 3 0 0 0 4 0 0 4 4
0 2 7 5 0 0 0 0 0 0 0 6 0 1 0 3 0 0 0 3 0 0 1 2
0 4 c 0 0 0 0 0 0 0 0 6 0 1 0 3 0 0 0 9 0 0 5 b
0 9 0 6 0 0 0 0 0 0 0 6 0 1 0 3 0 0 1 1 0 0 6 b
0 8 6 a 0 0 0 0 0 0 0 6 0 1 0 3 0 0 1 5 0 0 2 1
0 5 a e 0 0 0 0 0 0 0 6 0 1 0 3 0 0 0 b 0 0 5 c
0 5 0 1 0 0 0 0 0 0 0 6 0 1 0 3 0 0 0 c 0 0 3 1
0 9 d 9 0 0 0 0 0 0 0 6 0 1 0 3 0 0 1 2 0 0 2 b
0 0 7 2 0 0 0 0 0 0 0 6 0 1 0 3 0 0 0 0 0 0 6 e
0 5 c e 0 0 0 0 0 0 0 6 0 1 0 3 0 0 0 c 0 0 1 9
0 5 0 4 0 0 0 0 0 0 0 6 0 1 0 3 0 0 0 b 0 0 2 8
0 a 0 0 0 0 0 0 0 0 0 6 0 1 0 3 0 0 0 e 0 0 3 4
0 0 3 4 0 0 0 0 0 0 0 6 0 1 0 3 0 0 0 1 0 0 6 2
0 7 0 3 0 0 0 0 0 0 0 6 0 1 0 3 0 0 0 b 0 0 1 6
0 5 2 2 0 0 0 0 0 0 0 6 0 1 0 3 0 0 0 c 0 0 4 6
0 9 2 4 0 0 0 0 0 0 0 6 0 1 0 3 0 0 1 0 0 0 4 c
0 6 b b 0 0 0 0 0 0 0 6 0 1 0 3 0 0 0 a 0 0 4 d
0 2 2 7 0 0 0 0 0 0 0 6 0 1 0 3 0 0 0 5 0 0 2 7
0 4 8 5 0 0 0 0 0 0 0 6 0 1 0 3 0 0 0 4 0 0 4 c
0 6 6 b 0 0 0 0 0 0 0 6 0 1 0 3 0 0 1 6 0 0 2 2
0 8 d d 0 0 0 0 0 0 0 6 0 1 0 3 0 0 1 4 0 0 2 f
0 8 3 4 0 0 0 0 0 0 0 6 0 1 0 3 0 0 1 1 0 0 4 3
0 2 f 4 0 0 0 0 0 0 0 6 0 1 0 3 0 0 0 4 0 0 6 9
0 6 d 4 0 0 0 0 0 0 0 6 0 1 0 3 0 0 0 d 0 0 3 4
0 5 7 5 0 0 0 1 0 0 0 6 0 0 0 b 0 0 0 0 0 0 0
0 a 2 8 0 0 0 0 0 0 0 6 0 1 0 3 0 0 1 4 0 0 2 9
0 4 d 7 0 0 0 0 0 0 0 6 0 1 0 3 0 0 0 9 0 0 4 4
0 3 1 e 0 0 0 0 0 0 0 6 0 1 0 3 0 0 0 7 0 0 3 5
0 4 f 7 0 0 0 0 0 0 0 6 0 1 0 3 0 0 0 9 0 0 5 5
0 2 8 1 0 0 0 0 0 0 0 6 0 1 0 3 0 0 0 3 0 0 4 a
0 0 3 8 0 0 0 0 0 0 0 6 0 1 0 3 0 0 0 7 0 0 4 d
0 4 2 e 0 0 0 0 0 0 0 6 0 1 0 3 0 0 0 5 0 0 6 5
0 9 1 4 0 0 0 0 0 0 0 6 0 1 0 3 0 0 1 0 0 0 5 3
0 2 2 6 0 0 0 0 0 0 0 6 0 1 0 3 0 0 0 8 0 0 6 d
0 9 f f 0 0 0 0 0 0 6 0 1 0 3 0 0 1 0 0 0 4 c 0
0 2 5 9 0 0 0 0 0 0 0 6 0 1 0 3 0 0 0 f 0 0 4 a
0 4 8 5 0 0 0 0 0 0 0 6 0 1 0 3 0 0 0 3 0 0 5 5
0 a 0 7 0 0 0 0 0 0 0 6 0 1 0 3 0 0 1 4 0 0 3 2
0 a 1 6 0 0 0 0 0 0 0 6 0 1 0 3 0 0 1 1 0 0 6 5
0 5 8 0 0 0 0 0 0 0 0 6 0 1 0 3 0 0 0 c 0 0 6 b
0 5 3 0 0 0 0 0 0 0 0 6 0 1 0 3 0 0 0 c 0 0 4 6
0 3 3 5 0 0 0 0 0 0 0 6 0 1 0 3 0 0 0 6 0 0 4 a
0 3 a 4 0 0 0 0 0 0 0 6 0 1 0 3 0 0 0 6 0 0 5 1
0 6 d d 0 0 0 0 0 0 0 6 0 1 0 3 0 0 1 1 0 0 5 6
0 4 7 b 0 0 0 0 0 0 0 6 0 1 0 3 0 0 0 a 0 0 4 6
0 8 0 3 0 0 0 0 0 0 0 6 0 1 0 3 0 0 0 c 0 0 3 7
0 5 4 0 0 0 0 0 0 0 0 6 0 1 0 3 0 0 0 c 0 0 0 1
0 3 0 e 0 0 0 0 0 0 0 6 0 1 0 3 0 0 0 6 0 0 5 e
0 6 6 b 0 0 0 0 0 0 0 6 0 1 0 4 0 0 0 8 0 0 0 0
0 9 c d 0 0 0 0 0 0 0 6 0 1 0 3 0 0 1 5 0 0 6 a
0 0 8 f 0 0 0 0 0 0 0 6 0 1 0 3 0 0 0 1 0 0 4 7
0 6 e 1 0 0 0 0 0 0 0 6 0 1 0 3 0 0 0 d 0 0 0 d
0 5 a 9 0 0 0 0 0 0 0 6 0 1 0 3 0 0 0 c 0 0 3 4
0 9 0 e 0 0 0 0 0 0 0 6 0 1 0 3 0 0 1 2 0 0 0 3
0 2 f 4 0 0 0 0 0 0 0 6 0 1 0 3 0 0 0 5 0 0 0 d
0 0 b d 0 0 0 0 0 0 0 6 0 1 0 3 0 0 0 0 0 0 4 9
0 4 7 d 0 0 0 0 0 0 0 6 0 1 0 3 0 0 0 3 0 0 4 5
0 1 5 b 0 0 0 0 0 0 0 6 0 1 0 3 0 0 0 7 0 0 6 4
0 2 8 5 0 0 0 0 0 0 0 6 0 1 0 3 0 0 0 6 0 0 3 7
0 1 5 5 0 0 0 0 0 0 0 6 0 1 0 3 0 0 0 3 0 0 5 5
0 2 e 8 0 0 0 0 0 0 0 6 0 1 0 3 0 0 0 2 0 0 4 8
0 5 c 4 0 0 0 0 0 0 0 6 0 1 0 3 0 0 0 b 0 0 3 e
0 1 3 b 0 0 0 0 0 0 0 6 0 1 0 3 0 0 0 5 0 0 0 6
0 5 6 d 0 0 0 0 0 0 0 6 0 1 0 3 0 0 0 b 0 0 2 4
0 4 5 7 0 0 0 0 0 0 0 6 0 1 0 3 0 0 0 9 0 0 6 e
0 3 c 4 0 0 0 0 0 0 0 6 0 1 0 3 0 0 0 1 0 0 1 e
0 4 e 8 0 0 0 0 0 0 0 6 0 1 0 3 0 0 0 9 0 0 4 5
0 5 5 8 0 0 0 0 0 0 0 6 0 1 0 3 0 0 0 c 0 0 6 4
0 9 0 0 0 0 0 0 0 0 0 6 0 1 0 3 0 0 1 0 0 0 7 3
0 1 7 b 0 0 0 0 0 0 0 6 0 1 0 3 0 0 0 6 0 0 5 7
0 1 9 6 0 0 0 0 0 0 0 6 0 1 0 3 0 0 0 3 0 0 4 d
0 2 5 6 0 0 0 0 0 0 0 6 0 1 0 3 0 0 0 3 0 0 2 f
0 9 e 8 0 0 0 0 0 0 0 6 0 1 0 3 0 0 1 2 0 0 0 7
0 3 2 c 0 0 0 0 0 0 0 6 0 1 0 3 0 0 0 8 0 0 0 b
0 6 7 c 0 0 0 0 0 0 0 6 0 1 0 3 0 0 0 e 0 0 1 5
0 2 8 8 0 0 0 0 0 0 0 6 0 1 0 3 0 0 0 7 0 0 2 3
0 7 c f 0 0 0 0 0 0 0 6 0 1 0 3 0 0 0 f 0 0 6 b
0 6 e 7 0 0 0 0 0 0 0 6 0 1 0 3 0 0 1 6 0 0 4 9
0 8 e 7 0 0 0 0 0 0 0 6 0 1 0 3 0 0 1 2 0 0 5 e
0 5 d 2 0 0 0 0 0 0 0 6 0 1 0 3 0 0 0 b 0 0 0 2
0 2 4 0 0 0 0 0 0 0 0 6 0 1 0 3 0 0 0 f 0 0 6 0
0 5 b 9 0 0 0 0 0 0 0 6 0 1 0 3 0 0 0 c 0 0 6 6
0 4 8 7 0 0 0 0 0 0 0 6 0 1 0 3 0 0 0 9 0 0 3 8
0 5 4 d 0 0 0 0 0 0 0 6 0 1 0 3 0 0 0 c 0 0 2 9
0 0 8 5 0 0 0 0 0 0 0 6 0 1 0 3 0 0 0 0 0 0 6 9
0 3 1 a 0 0 0 0 0 0 0 6 0 1 0 3 0 0 0 6 0 0 4 5
0 1 e 0 0 0 0 0 0 0 0 6 0 1 0 3 0 0 0 4 0 0 6 1
0 7 1 5 0 0 0 0 0 0 0 6 0 1 0 3 0 0 0 4 0 0 0 1
0 5 0 4 0 0 0 0 0 0 0 6 0 1 0 3 0 0 0 b 0 0 3 e
0 6 b 5 0 0 0 0 0 0 0 6 0 1 0 3 0 0 1 0 0 0 1 d
0 9 a c 0 0 0 0 0 0 0 6 0 1 0 3 0 0 1 2 0 0 5 d
0 1 8 6 0 0 0 0 0 0 0 6 0 1 0 3 0 0 0 f 0 0 0 4
0 4 3 8 3 0 0 0 0 0 0 0 6 0 1 0 3 0 0 0 6 0 0 4 5
0 5 0 6 0 0 0 0 0 0 0 6 0 1 0 3 0 0 0 1 0 0 5 c
0 5 f a 0 0 0 0 0 0 0 6 0 1 0 3 0 0 0 b 0 0 3 5
0 7 9 d 0 0 0 0 0 0 0 6 0 1 0 3 0 0 1 5 0 0 0 1
0 8 5 f 0 0 0 0 0 0 0 6 0 1 0 3 0 0 1 3 0 0 1 1
0 2 5 3 0 0 0 0 0 0 0 6 0 1 0 3 0 0 0 8 0 0 5 5
0 3 d f 0 0 0 0 0 0 0 6 0 1 0 3 0 0 0 6 0 0 5 2
0 4 6 f 0 0 0 0 0 0 0 6 0 1 0 3 0 0 0 9 0 0 5 e
0 5 6 e 0 0 0 0 0 0 0 6 0 1 0 3 0 0 0 c 0 0 5 4
0 5 9 b 0 0 0 0 0 0 0 6 0 1 0 3 0 0 0 b 0 0 4 4
0 5 a 1 0 0 0 0 0 0 0 6 0 1 0 3 0 0 0 c 0 0 1 9
0 0 a 0 0 0 0 0 0 0 0 6 0 1 0 3 0 0 0 7 0 0 5 9
0 0 6 b 0 0 0 0 0 0 0 6 0 1 0 3 0 0 0 7 0 0 0 a
0 2 7 d 0 0 0 0 0 0 0 6 0 1 0 3 0 0 0 2 0 0 5 0
0 1 f 1 0 0 0 0 0 0 0 6 0 1 0 3 0 0 0 2 0 0 5 d
0 7 0 6 0 0 0 0 0 0 0 6 0 1 0 3 0 0 0 a 0 0 2 1
0 8 f c 0 0 0 0 0 0 0 6 0 1 0 3 0 0 1 a 0 0 6 9
0 2 5 e 0 0 0 0 0 0 0 6 0 1 0 3 0 0 0 9 0 0 2 4
0 7 f 7 0 0 0 0 0 0 0 6 0 1 0 3 0 0 1 0 0 0 5 c
0 a 2 c 0 0 0 0 0 0 0 6 0 1 0 3 0 0 1 2 0 0 0 6
0 1 8 4 0 0 0 0 0 0 0 6 0 1 0 3 0 0 0 7 0 0 5 b
0 2 c 5 0 0 0 0 0 0 0 6 0 1 0 3 0 0 0 5 0 0 5 0
0 6 2 2 0 0 0 0 0 0 0 6 0 1 0 3 0 0 1 0 0 0 6 8
0 6 c 8 0 0 0 0 0 0 0 6 0 1 0 3 0 0 1 6 0 0 3 9
0 6 c 9 0 0 0 0 0 0 0 6 0 1 0 3 0 0 1 6 0 0 3 d
0 5 9 b 0 0 0 0 0 0 0 6 0 1 0 3 0 0 0 b 0 0 3 4
0 9 2 4 0 0 0 0 0 0 0 6 0 1 0 3 0 0 1 6 0 0 5 9
0 4 8 8 0 0 0 0 0 0 0 6 0 1 0 3 0 0 0 9 0 0 7 1
0 8 3 4 0 0 0 0 0 0 0 6 0 1 0 3 0 0 1 2 0 0 5 9
0 7 a 0 0 0 0 0 0 0 0 6 0 1 0 3 0 0 1 1 0 0 1 8
0 9 e 0 0 0 0 0 0 0 0 6 0 1 0 3 0 0 1 1 0 0 3 1
0 2 8 8 0 0 0 0 0 0 0 6 0 1 0 3 0 0 0 1 0 0 7 2
0 3 2 e 0 0 0 0 0 0 0 6 0 1 0 3 0 0 0 6 0 0 5 b
0 8 c 1 0 0 0 0 0 0 0 6 0 1 0 3 0 0 1 2 0 0 6 3
0 0 5 5 0 0 0 0 0 0 0 6 0 1 0 3 0 0 0 0 0 0 5 1
0 9 1 f 0 0 0 0 0 0 0 6 0 1 0 3 0 0 1 0 0 0 4 4
0 7 b 2 0 0 0 0 0 0 0 6 0 1 0 3 0 0 1 5 0 0 5 e
0 9 4 4 0 0 0 0 0 0 0 6 0 1 0 2 0 0 4 a 0 0 0 0
0 7 a 5 0 0 0 0 0 0 0 6 0 1 0 3 0 0 1 4 0 0 6 0
0 9 a f 0 0 0 0 0 0 0 6 0 1 0 3 0 0 1 3 0 0 6 4
0 2 1 7 0 0 0 0 0 0 0 6 0 1 0 3 0 0 0 3 0 0 5 e
0 1 d 0 0 0 0 0 0 0 0 6 0 1 0 3 0 0 0 3 0 0 6 0
0 1 7 f 0 0 0 0 0 0 0 6 0 1 0 3 0 0 0 2 0 0 6 0
0 0 f c 0 0 0 0 0 0 0 6 0 1 0 3 0 0 0 0 0 0 6 b
0 9 d 9 0 0 0 0 0 0 0 6 0 1 0 3 0 0 1 5 0 0 2 c
0 1 d 5 0 0 0 0 0 0 0 6 0 1 0 3 0 0 0 4 0 0 5 2
0 3 4 8 0 0 0 0 0 0 0 6 0 1 0 3 0 0 0 7 0 0 6 4
0 4 d 8 0 0 0 0 0 0 0 6 0 1 0 3 0 0 0 9 0 0 4 c
0 6 4 3 0 0 0 0 0 0 0 6 0 1 0 3 0 0 1 0 0 0 6 5
0 2 8 5 0 0 0 0 0 0 0 6 0 1 0 3 0 0 0 2 0 0 6 a
0 2 2 8 0 0 0 0 0 0 0 6 0 1 0 3 0 0 0 5 0 0 4 9
0 5 1 f 0 0 0 0 0 0 0 6 0 1 0 3 0 0 0 c 0 0 0 2
0 4 8 3 0 0 0 0 0 0 0 6 0 1 0 3 0 0 0 a 0 0 6 d
0 9 6 e 0 0 0 0 0 0 0 6 0 1 0 3 0 0 1 5 0 0 3 0
0 7 5 b 9 0 0 0 0 0 0 0 6 0 1 0 3 0 0 1 1 0 0 4 6
0 4 b d 0 0 0 0 0 0 0 6 0 1 0 3 0 0 0 9 0 0 5 8
0 9 a b 0 0 0 0 0 0 0 6 0 1 0 3 0 0 1 4 0 0 6 b
0 6 6 8 0 0 0 0 0 0 0 6 0 1 0 3 0 0 1 3 0 0 3 4
0 3 f 9 0 0 0 0 0 0 0 6 0 1 0 3 0 0 0 6 0 0 6 9
0 9 8 b 0 0 0 0 0 0 0 6 0 1 0 3 0 0 1 7 0 0 0 c
0 0 0 e 0 0 0 0 0 0 0 6 0 1 0 3 0 0 0 1 0 0 4 3
0 5 3 8 0 0 0 0 0 0 0 6 0 1 0 3 0 0 0 c 0 0 2 7
0 2 4 3 0 0 0 0 0 0 0 6 0 1 0 3 0 0 0 2 0 0 2 7
0 0 d d 0 0 0 0 0 0 0 6 0 1 0 3 0 0 0 0 0 0 5 1
0 6 5 5 0 0 0 0 0 0 0 6 0 1 0 3 0 0 0 d 0 0 4 f
0 9 d 1 0 0 0 0 0 0 0 6 0 1 0 3 0 0 1 1 0 0 7 0
0 7 9 3 0 0 0 0 0 0 0 6 0 1 0 3 0 0 1 7 0 0 0 0
0 6 6 e 0 0 0 0 0 0 0 6 0 1 0 3 0 0 1 5 0 0 4 9
0 2 0 3 0 0 0 0 0 0 0 6 0 1 0 3 0 0 0 9 0 0 5 0
0 2 1 c 0 0 0 0 0 0 0 6 0 1 0 3 0 0 0 5 0 0 4 b
0 8 6 5 0 0 0 0 0 0 0 6 0 1 0 3 0 0 1 3 0 0 3 0
0 7 8 9 0 0 0 0 0 0 0 6 0 1 0 3 0 0 1 2 0 0 2 0
0 3 5 9 0 0 0 0 0 0 0 6 0 1 0 3 0 0 0 6 0 0 6 8
0 7 f 7 0 0 0 0 0 0 0 6 0 1 0 3 0 0 1 0 0 0 1 8
0 1 5 d 0 0 0 0 0 0 0 6 0 1 0 3 0 0 0 2 0 0 3 4
0 2 9 1 0 0 0 0 0 0 0 6 0 1 0 3 0 0 0 8 0 0 5 b
0 0 1 0 0 0 0 0 0 0 0 6 0 1 0 3 0 0 0 0 0 0 4 0
0 0 b f 0 0 0 0 0 0 0 6 0 1 0 3 0 0 0 0 0 0 3 6
0 9 6 5 0 0 0 0 0 0 0 6 0 1 0 3 0 0 1 2 0 0 4 d
0 1 6 2 0 0 0 0 0 0 0 6 0 1 0 2 0 0 2 1 0 0 0 0
0 2 9 7 0 0 0 0 0 0 0 6 0 1 0 3 0 0 0 4 0 0 5 8
0 1 a c 0 0 0 0 0 0 0 6 0 1 0 3 0 0 0 3 0 0 4 f
0 8 7 d 0 0 0 0 0 0 0 6 0 1 0 3 0 0 1 4 0 0 3 f
0 9 a 3 0 0 0 0 0 0 0 6 0 1 0 3 0 0 1 4 0 0 4 d
0 5 9 f 0 0 0 0 0 0 0 6 0 1 0 3 0 0 0 c 0 0 4 8
0 0 d a 0 0 0 0 0 0 0 6 0 1 0 3 0 0 0 0 0 0 2 4
0 a 7 8 0 0 0 0 0 0 0 6 0 1 0 3 0 0 1 6 0 0 2 1
0 3 0 d 0 0 0 0 0 0 0 6 0 1 0 3 0 0 0 6 0 0 1 3
0 1 e 8 0 0 0 0 0 0 0 6 0 1 0 3 0 0 0 4 0 0 4 7
0 1 7 3 0 0 0 0 0 0 0 6 0 1 0 3 0 0 0 5 0 0 6 0
0 4 c 2 0 0 0 0 0 0 0 6 0 1 0 3 0 0 0 3 0 0 2 8
0 8 0 c 0 0 0 0 0 0 0 6 0 1 0 3 0 0 1 4 0 0 3 8
0 3 9 d 0 0 0 0 0 0 0 4 0 0 0 5 0 0 0 0 0 0 0 6
0 6 8 4 0 0 0 0 0 0 0 6 0 1 0 3 0 0 0 d 0 0 0 c
0 6 0 3 0 0 0 0 0 0 0 6 0 1 0 3 0 0 0 a 0 0 2 0
0 3 8 2 0 0 0 0 0 0 0 6 0 1 0 3 0 0 0 7 0 0 3 4
0 1 c 2 0 0 0 0 0 0 0 6 0 1 0 3 0 0 0 9 0 0 7 6
0 4 0 8 0 0 0 0 0 0 0 6 0 1 0 3 0 0 0 4 0 0 7 e
0 1 d 5 0 0 0 0 0 0 0 6 0 1 0 3 0 0 0 4 0 0 2 4
0 0 9 4 0 0 0 0 0 0 0 6 0 1 0 3 0 0 0 0 0 0 0 f
0 a 0 8 0 0 0 0 0 0 0 6 0 1 0 3 0 0 1 6 0 0 3 4
0 5 3 0 0 0 0 0 0 0 0 6 0 1 0 3 0 0 0 b 0 0 6 0
0 3 a 9 0 0 0 0 0 0 0 6 0 1 0 3 0 0 0 8 0 0 4 2
0 5 d 0 0 0 7 0 0 0 a 0 0 0 0 0 0 0 6 0 1 0 3 0
0 4 f a 0 0 0 0 0 0 0 6 0 1 0 3 0 0 0 a 0 0 5 f
0 1 8 5 0 0 0 0 0 0 0 6 0 1 0 3 0 0 0 8 0 0 5 e
0 2 7 8 0 0 0 0 0 0 0 6 0 1 0 3 0 0 0 3 0 0 2 9
0 6 c f 0 0 0 0 0 0 0 6 0 1 0 3 0 0 0 a 0 0 4 f
0 4 c 3 0 0 0 0 0 0 0 6 0 1 0 3 0 0 0 f 0 0 5 6
0 1 8 c 0 0 0 0 0 0 0 6 0 1 0 3 0 0 0 5 0 0 1 b
0 1 7 6 0 0 0 0 0 0 0 6 0 1 0 3 0 0 0 4 0 0 6 2
0 6 2 5 0 0 0 0 0 0 0 6 0 1 0 3 0 0 1 7 0 0 0 2
0 0 4 0 0 0 0 0 0 0 0 6 0 1 0 3 0 0 0 7 0 0 3 e
0 4 4 5 0 0 0 0 0 0 0 6 0 1 0 3 0 0 0 2 0 0 6 5
0 7 4 c 0 0 0 0 0 0 0 6 0 1 0 3 0 0 0 9 0 0 4 5
0 6 8 1 0 0 0 0 0 0 0 6 0 1 0 3 0 0 1 1 0 0 5 7
0 9 2 0 0 0 0 0 0 0 0 6 0 1 0 3 0 0 1 1 0 0 4 c
0 5 a 3 0 0 0 0 0 0 0 6 0 1 0 3 0 0 0 b 0 0 1 7
0 3 4 b 0 0 0 0 0 0 0 6 0 1 0 3 0 0 0 6 0 0 5 6
0 7 3 6 0 0 0 0 0 0 0 6 0 1 0 3 0 0 1 4 0 0 0 7
0 7 b e 0 0 0 0 0 0 0 6 0 1 0 3 0 0 1 4 0 0 0 5
0 3 c 8 0 0 0 0 0 0 0 6 0 1 0 3 0 0 0 6 0 0 4 1
0 9 7 6 0 0 0 0 0 0 0 6 0 1 0 6 0 0 7 4 0 0 0 a
0 2 3 6 0 0 0 0 0 0 0 6 0 1 0 3 0 0 0 8 0 0 2 0
0 4 a 5 0 0 0 0 0 0 0 6 0 1 0 3 0 0 0 a 0 0 5 3
0 3 1 c 0 0 0 0 0 0 0 6 0 1 0 3 0 0 0 6 0 0 2 6
0 4 2 6 0 0 0 0 0 0 0 6 0 1 0 3 0 0 0 2 0 0 6 e
0 4 e d 0 0 0 0 0 0 0 6 0 1 0 3 0 0 0 a 0 0 4 8
0 a 3 7 0 0 0 0 0 0 0 6 0 1 0 3 0 0 1 0 0 0 1 8
0 0 c f 0 0 0 0 0 0 0 6 0 1 0 3 0 0 0 0 0 0 3 9
0 8 e a 0 0 0 0 0 0 0 6 0 1 0 3 0 0 1 2 0 0 5 8
0 2 1 4 0 0 0 0 0 0 0 6 0 1 0 3 0 0 0 4 0 0 1 a
0 2 2 1 0 0 0 0 0 0 0 6 0 1 0 3 0 0 0 4 0 0 4 6
0 6 f 8 0 0 0 0 0 0 0 6 0 1 0 3 0 0 1 4 0 0 4 8
0 4 2 5 0 0 0 0 0 0 0 6 0 1 0 3 0 0 0 5 0 0 4 3
0 6 5 4 0 0 0 0 0 0 0 6 0 1 0 3 0 0 1 6 0 0 0 2
0 5 d 5 0 0 0 0 0 0 0 6 0 1 0 3 0 0 0 c 0 0 5 7
0 8 2 1 0 0 0 0 0 0 0 6 0 1 0 3 0 0 1 2 0 0 0 1
0 0 d 4 0 0 0 0 0 0 0 6 0 1 0 3 0 0 0 0 0 0 4 e
0 0 0 6 0 0 0 0 0 0 0 6 0 1 0 3 0 0 0 0 0 0 6 3
0 3 1 d 0 0 0 0 0 0 0 6 0 1 0 3 0 0 0 8 0 0 4 3
0 9 9 7 0 0 0 0 0 0 0 6 0 1 0 3 0 0 1 4 0 0 4 4
0 5 8 8 0 0 0 0 0 0 0 6 0 1 0 3 0 0 0 1 0 0 3 f
0 9 7 b 0 0 0 0 0 0 0 6 0 1 0 3 0 0 1 2 0 0 2 0
0 5 4 5 0 0 0 0 0 0 0 6 0 1 0 3 0 0 0 c 0 0 4 d
0 0 0 d 0 0 0 0 0 0 0 6 0 1 0 3 0 0 0 1 0 0 2 2
0 5 f a 0 0 0 0 0 0 0 6 0 1 0 3 0 0 0 c 0 0 3 2
0 6 d 9 0 0 0 0 0 0 0 6 0 1 0 3 0 0 1 6 0 0 5 e
0 2 8 3 0 0 0 0 0 0 0 6 0 1 0 3 0 0 0 2 0 0 3 4
0 1 8 4 0 0 0 0 0 0 0 6 0 1 0 3 0 0 0 4 0 0 1 4
0 3 3 5 0 0 0 0 0 0 0 6 0 1 0 3 0 0 0 7 0 0 6 7
0 5 6 3 0 0 0 0 0 0 0 6 0 1 0 3 0 0 0 1 0 0 1 6
0 5 b 8 0 0 0 0 0 0 0 6 0 1 0 3 0 0 0 c 0 0 2 1
0 1 e 1 0 0 0 0 0 0 0 6 0 1 0 3 0 0 0 8 0 0 4 f
0 4 2 6 0 0 0 0 0 0 0 6 0 1 0 3 0 0 0 5 0 0 2 3
0 5 d b 0 0 0 0 0 0 0 6 0 1 0 3 0 0 0 1 0 0 6 0
0 5 0 8 0 0 0 0 0 0 0 6 0 1 0 3 0 0 0 b 0 0 3 4
0 1 9 6 0 0 0 0 0 0 0 6 0 1 0 3 0 0 0 4 0 0 2 e
0 8 3 7 0 0 0 0 0 0 0 6 0 1 0 3 0 0 1 5 0 0 3 e
0 5 a 3 0 0 0 0 0 0 0 6 0 1 0 3 0 0 0 a 0 0 3 0
0 9 5 d 0 0 0 0 0 0 0 6 0 1 0 3 0 0 1 2 0 0 1 e
0 1 7 d 0 0 0 0 0 0 0 6 0 1 0 3 0 0 0 4 0 0 4 4
0 3 d d 0 0 0 0 0 0 0 6 0 1 0 3 0 0 0 6 0 1 0 3 0
0 4 c 1 0 0 0 0 0 0 0 6 0 1 0 3 0 0 0 9 0 0 6 e
0 6 c d 0 0 0 0 0 0 0 0 6 0 1 0 3 0 0 0 e 0 0 5 0
0 0 2 2 0 0 0 0 0 0 0 6 0 1 0 3 0 0 0 0 0 0 2 4
0 8 9 4 0 0 0 0 0 0 0 6 0 1 0 3 0 0 1 3 0 0 4 8
0 5 3 c 0 0 0 0 0 0 0 6 0 1 0 3 0 0 0 c 0 0 4 2
0 8 e 8 0 0 0 0 0 0 0 6 0 1 0 3 0 0 1 2 0 0 6 3
0 3 e 9 0 0 0 0 0 0 0 6 0 1 0 3 0 0 0 6 0 0 4 5
0 8 f 1 0 0 0 0 0 0 0 6 0 1 0 3 0 0 1 6 0 0 5 8
0 6 d 1 0 0 0 0 0 0 0 6 0 1 0 3 0 0 1 5 0 0 5 7
0 5 0 4 0 0 0 0 0 0 0 6 0 1 0 3 0 0 0 f 0 0 4 2
0 a 2 f 0 0 0 0 0 0 0 6 0 1 0 3 0 0 1 5 0 0 6 0
0 2 4 6 0 0 0 0 0 0 0 6 0 1 0 3 0 0 0 2 0 0 3 5
0 9 6 4 0 0 0 0 0 0 0 6 0 1 0 3 0 0 1 4 0 0 4 6
0 6 7 d 0 0 0 0 0 0 0 6 0 1 0 3 0 0 1 0 0 0 2 9
0 7 a d 0 0 0 0 0 0 0 2 4 0 0 0 2 0 0 0 1 0 0
0 5 7 f 0 0 0 0 0 0 0 6 0 1 0 3 0 0 0 c 0 0 6 a
0 2 f c 0 0 0 0 0 0 0 6 0 1 0 3 0 0 0 4 0 0 6 4
0 0 3 6 0 0 0 0 0 0 0 6 0 1 0 3 0 0 0 1 0 0 4 d
0 3 6 8 0 0 0 0 0 0 0 6 0 1 0 3 0 0 0 6 0 0 2 a
0 a 0 2 0 0 0 0 0 0 0 6 0 1 0 3 0 0 1 0 0 0 5 4
0 8 4 0 0 0 0 0 0 0 0 6 0 1 0 3 0 0 0 c 0 0 3 3
0 a 0 8 0 0 0 0 0 0 0 6 0 1 0 3 0 0 1 6 0 0 5 b
0 5 2 f 0 0 0 0 0 0 0 6 0 1 0 3 0 0 0 c 0 0 5 b
0 6 f 4 0 0 0 0 0 0 0 6 0 1 0 3 0 0 1 2 0 0 0 5
0 0 a a 0 0 0 0 0 0 0 6 0 1 0 3 0 0 0 0 0 0 4 5
0 0 d c 0 0 0 0 0 0 0 6 0 1 0 3 0 0 0 7 0 0 3 2
0 6 0 4 0 0 0 0 0 0 0 6 0 1 0 3 0 0 1 1 0 0 5 4
0 4 b 5 0 0 0 0 0 0 0 6 0 1 0 3 0 0 0 d 0 0 5 0
0 6 c b 0 0 0 0 0 0 0 6 0 1 0 3 0 0 1 0 0 0 4 f
0 6 8 c 0 0 0 0 0 0 0 6 0 1 0 3 0 0 0 e 0 0 6 6
0 0 b e 0 0 0 0 0 0 0 6 0 1 0 3 0 0 0 0 0 0 6 9
0 5 e 8 0 0 0 0 0 0 0 6 0 1 0 3 0 0 0 a 0 0 3 5
0 9 9 6 0 0 0 0 0 0 0 6 0 1 0 3 0 0 1 5 0 0 5 f
0 6 a 5 0 0 0 0 0 0 0 6 0 1 0 3 0 0 1 4 0 0 4 a
0 2 2 2 0 0 0 0 0 0 0 6 0 1 0 3 0 0 0 8 0 0 7 2
0 a 4 8 0 0 0 0 0 0 0 6 0 1 0 3 0 0 1 2 0 0 6 e
0 9 2 a 0 0 0 0 0 0 0 6 0 1 0 3 0 0 1 1 0 0 0 e
0 6 b f 0 0 0 0 0 0 0 6 0 1 0 3 0 0 1 4 0 0 7 6
0 4 3 2 0 0 0 0 0 0 0 6 0 1 0 3 0 0 0 5 0 0 4 8
0 5 0 6 0 0 0 0 0 0 0 6 0 1 0 3 0 0 0 c 0 0 3 7
0 3 1 b 0 0 0 0 0 0 0 6 0 1 0 3 0 0 0 8 0 0 7 2
0 1 2 a 0 0 0 0 0 0 0 6 0 1 0 3 0 0 0 2 c 0 0 0
0 5 0 d 0 0 0 0 0 0 0 6 0 1 0 3 0 0 0 c 0 0 2 4
0 8 7 7 0 0 0 0 0 0 0 6 0 1 0 3 0 0 1 1 0 0 3 b
0 5 4 b 0 0 0 0 0 0 0 6 0 1 0 3 0 0 0 c 0 0 4 c
0 6 1 1 0 0 0 0 0 0 0 6 0 1 0 3 0 0 0 9 0 0 4 b
0 5 4 5 0 0 0 0 0 0 0 6 0 1 0 3 0 0 0 c 0 0 2 7
0 5 8 6 0 0 0 0 0 0 0 6 0 1 0 3 0 0 0 5 0 0 1 a
0 6 e e 0 0 0 0 0 0 0 6 0 1 0 3 0 0 0 a 0 0 7 4
0 6 7 2 0 0 0 0 0 0 0 6 0 1 0 3 0 0 1 6 0 0 3 1
0 3 d a 0 0 0 0 0 0 0 6 0 1 0 3 0 0 0 7 0 0 1 c
0 6 4 4 0 0 0 0 0 0 0 6 0 1 0 3 0 0 0 d 0 0 6 9
0 3 3 4 0 0 0 0 0 0 0 6 0 1 0 3 0 0 0 7 0 0 6 7
0 6 2 d 0 0 0 0 0 0 0 6 0 1 0 3 0 0 1 0 0 0 5 1
0 4 8 5 0 0 0 0 0 0 0 6 0 1 0 3 0 0 0 f 0 0 6 2
0 9 3 c 0 0 0 0 0 0 0 6 0 1 0 3 0 0 1 4 0 0 4 b
0 3 1 2 0 0 0 0 0 0 0 6 0 1 0 3 0 0 0 2 4 0 0 0
0 1 8 d 0 0 0 0 0 0 0 6 0 1 0 3 0 0 0 2 0 0 3 e
0 5 d 0 0 0 0 0 0 0 0 6 0 1 0 3 0 0 0 c 0 0 2 0
0 7 a 2 0 0 0 0 0 0 0 6 0 1 0 3 0 0 1 1 0 0 4 c
0 5 1 7 0 0 0 0 0 0 0 6 0 1 0 3 0 0 0 0 0 0 6 4
0 a 9 f 0 0 0 0 0 0 0 6 0 1 0 3 0 0 1 6 0 0 5 b
0 7 2 3 0 0 0 b 0 0 0 0 0 0 0 6 0 1 0 3 0 0 0 c 0
0 3 6 f 0 0 0 0 0 0 0 6 0 1 0 3 0 0 0 7 0 0 7 2
0 4 9 4 0 0 0 0 0 0 0 6 0 1 0 3 0 0 0 9 0 0 3 a
0 4 d 0 0 0 0 0 0 0 0 6 0 1 0 3 0 0 0 d 0 0 5 a
0 4 e 0 0 0 0 0 0 0 0 6 0 1 0 3 0 0 0 3 0 0 0 0
0 3 b 7 0 0 0 0 0 0 0 6 0 1 0 3 0 0 0 6 0 0 3 e
0 7 c 4 0 0 0 0 0 0 0 6 0 1 0 3 0 0 1 6 0 0 5 3
0 6 8 1 0 0 0 0 0 0 0 6 0 1 0 3 0 0 1 2 0 0 3 1
0 2 7 3 0 0 0 0 0 0 0 6 0 1 0 3 0 0 0 5 0 0 0 3
0 0 d 8 0 0 0 0 0 0 0 6 0 1 0 3 0 0 0 0 0 0 3 5
0 0 a 8 0 0 0 0 0 0 0 6 0 1 0 3 0 0 0 0 0 0 1 c
0 0 d 9 0 0 0 0 0 0 0 6 0 1 0 3 0 0 0 0 0 0 4 0
0 6 8 f 0 0 0 0 0 0 0 6 0 5 0 6 0 1 0 3 0 0 0 f 0
0 5 d 1 0 0 0 0 0 0 0 6 0 1 0 3 0 0 0 b 0 0 5 e
0 3 c a 0 0 0 0 0 0 0 6 0 1 0 3 0 0 0 6 0 0 6 7
0 0 6 7 0 0 0 0 0 0 0 6 0 1 0 3 0 0 0 8 0 0 0 c
0 0 c 0 0 0 0 0 0 0 0 6 0 1 0 3 0 0 0 1 0 0 4 6
0 5 8 d 0 0 0 0 0 0 0 6 0 1 0 3 0 0 0 c 0 0 4 e
0 5 e 8 0 0 0 0 0 0 0 6 0 1 0 3 0 0 0 b 0 0 3 6
0 3 e 8 0 0 0 0 0 0 0 6 0 1 0 3 0 0 0 8 0 0 6 c
0 5 a b 0 0 0 0 0 0 0 6 0 1 0 3 0 0 0 c 0 0 3 7
0 1 7 6 0 0 0 0 0 0 0 6 0 1 0 3 0 0 0 2 0 0 6 8
0 0 1 8 0 0 0 0 0 0 0 6 0 1 0 3 0 0 0 6 0 0 3 1
0 1 0 6 b 0 0 0 0 0 0 0 6 0 1 0 3 0 0 0 4 0 0 6 9
0 4 2 d 0 0 0 0 0 0 0 6 0 1 0 3 0 0 0 9 0 0 1 6
0 7 9 5 0 0 0 0 0 0 0 6 0 1 0 3 0 0 1 6 0 0 6 8
0 4 1 4 0 0 0 0 0 0 0 6 0 1 0 3 0 0 0 5 0 0 5 1
0 a 2 8 1 0 0 0 0 0 0 0 6 0 1 0 3 0 0 1 1 0 0 7 3
0 9 2 3 0 0 0 0 0 0 0 6 0 1 0 3 0 0 1 2 0 0 4 b
0 0 6 e 0 0 0 0 0 0 0 6 0 1 0 3 0 0 0 1 0 0 0 6
0 5 0 3 0 0 0 0 0 0 0 6 0 1 0 3 0 0 0 c 0 0 4 3
0 5 3 c 0 0 0 0 0 0 0 6 0 1 0 3 0 0 0 c 0 0 4 2
0 1 d 9 0 0 0 0 0 0 0 6 0 1 0 3 0 0 0 9 0 0 2 a
0 2 8 2 0 0 0 0 0 0 0 6 0 1 0 3 0 0 0 4 0 0 2 e
0 5 e 0 0 0 0 0 0 0 0 6 0 1 0 3 0 0 0 c 0 0 5 9
0 8 e b 0 0 0 0 0 0 0 6 0 1 0 3 0 0 1 5 0 0 5 2
0 9 e 0 0 0 0 0 0 0 0 6 0 1 0 3 0 0 1 5 0 0 5 3
0 3 e f 0 0 0 0 0 0 0 6 0 1 0 3 0 0 0 5 0 0 0 8
0 5 5 4 0 0 0 0 0 0 0 6 0 1 0 3 0 0 0 c 0 0 2 c
0 0 4 0 0 0 0 0 0 0 0 6 0 1 0 3 0 0 0 0 0 0 5 0
0 6 a 1 0 0 0 0 0 0 0 6 0 1 0 3 0 0 0 9 0 0 3 1
0 2 2 b 0 0 0 0 0 0 0 6 0 1 0 3 0 0 0 e 0 0 6 a
0 1 8 6 0 0 0 0 0 0 0 6 0 1 0 3 0 0 0 3 0 0 5 c
0 1 f 7 0 0 0 0 0 0 0 6 0 1 0 3 0 0 0 9 0 0 7 6
0 9 9 3 0 0 0 0 0 0 0 6 0 1 0 3 0 0 0 c 0 0 2 9
0 5 3 5 0 0 0 0 0 0 0 6 0 1 0 3 0 0 0 a 0 0 6 b
0 8 d 6 0 0 0 0 0 0 0 6 0 1 0 3 0 0 1 3 0 0 4 c
0 7 d 2 0 0 0 0 0 0 0 6 0 1 0 3 0 0 1 6 0 0 3 4
0 3 1 b 0 0 0 0 0 0 0 6 0 1 0 3 0 0 0 6 0 0 6 e
0 0 b a 0 0 0 0 0 0 0 6 0 1 0 3 0 0 0 1 0 0 0 7
0 5 8 5 0 0 0 0 0 0 0 6 0 1 0 3 0 0 0 f 0 0 4 1
0 3 8 2 0 0 0 0 0 0 0 6 0 1 0 3 0 0 0 7 0 0 6 8
0 8 d 3 0 0 0 0 0 0 0 6 0 1 0 3 0 0 1 4 0 0 4 6
0 4 c 5 0 0 0 0 0 0 0 6 0 1 0 3 0 0 0 d 0 0 6 e
0 3 3 5 0 0 0 0 0 0 0 6 0 1 0 3 0 0 0 7 0 0 2 3
0 a 3 c 0 0 0 0 0 0 0 6 0 1 0 3 0 0 0 d 0 0 4 6
0 1 f 9 0 0 0 0 0 0 0 6 0 1 0 3 0 0 0 8 0 0 4 f
0 1 9 8 0 0 0 0 0 0 0 6 0 1 0 3 0 0 0 4 0 0 2 e
0 0 d f 0 0 0 0 0 0 0 6 0 1 0 3 0 0 0 0 0 0 3 8
0 5 4 3 0 0 0 0 0 0 0 6 0 1 0 3 0 0 0 b 0 0 4 c
0 a 3 6 0 0 0 0 0 0 0 6 0 1 0 3 0 0 1 1 0 0 4 9
0 8 b 1 0 0 0 0 0 0 0 6 0 1 0 3 0 0 1 3 0 0 4 8
0 4 d 0 0 0 0 0 0 0 0 6 0 1 0 3 0 0 0 d 0 0 0 3
0 a 1 2 0 0 0 0 0 0 0 6 0 1 0 3 0 0 0 d 0 0 5 1
0 a 4 a 0 0 0 0 0 0 0 6 0 1 0 3 0 0 1 0 0 0 6 d
0 9 7 d 0 0 0 0 0 0 0 6 0 1 0 3 0 0 1 3 0 0 1 3
0 9 8 2 0 0 0 0 0 0 0 6 0 1 0 3 0 0 1 4 0 0 4 6
0 a 0 0 0 0 0 0 0 0 0 6 0 1 0 3 0 0 1 1 0 0 6 4
0 1 6 3 0 0 0 0 0 0 0 6 0 1 0 3 0 0 0 8 0 0 3 5
0 5 4 3 0 0 0 0 0 0 0 6 0 1 0 3 0 0 0 c 0 0 5 f
0 5 b c 0 0 0 0 0 0 0 6 0 1 0 3 0 0 0 b 0 0 5 5
0 4 8 a 0 0 0 0 0 0 0 6 0 1 0 3 0 0 0 b 0 0 2 8
0 0 a a 0 0 0 0 0 0 0 6 0 1 0 3 0 0 0 6 0 0 0 7
0 2 3 5 0 0 0 0 0 0 0 6 0 1 0 3 0 0 0 4 0 0 6 5
0 2 2 1 0 0 0 0 0 0 0 6 0 1 0 3 0 0 0 5 0 0 6 f
0 6 7 f 0 0 0 0 0 0 0 6 0 1 0 3 0 0 1 1 0 0 1 1
0 7 1 6 0 0 0 0 0 0 0 6 0 1 0 3 0 0 0 a 0 0 0 4
0 1 6 a 0 0 0 0 0 0 0 6 0 1 0 3 0 0 0 1 0 0 4 d
0 6 4 e 0 0 0 0 0 0 0 6 0 1 0 3 0 0 1 4 0 0 0 b
0 6 7 7 0 0 0 0 0 0 0 6 0 1 0 3 0 0 1 5 0 0 5 e
0 0 b 9 0 0 0 0 0 0 0 6 0 1 0 3 0 0 0 0 0 0 3 3
0 7 a 4 0 0 0 0 0 0 0 6 0 1 0 3 0 0 1 7 0 0 0 c
0 6 e 1 0 0 0 0 0 0 0 6 0 1 0 3 0 0 1 0 0 0 3 6
0 5 d e 0 0 0 0 0 0 0 6 0 1 0 3 0 0 0 b 0 0 2 f
0 5 a 5 0 0 0 0 0 0 0 6 0 1 0 3 0 0 0 d 0 0 6 0
0 9 e e 0 0 0 0 0 0 0 6 0 1 0 3 0 0 1 2 0 0 6 3
0 0 6 e 0 0 0 0 0 0 0 5 0 0 0 0 0 0 0 0 6 0 1 0
0 6 6 b 0 0 0 0 0 0 0 6 0 1 0 3 0 0 0 f 0 0 4 0
0 2 c 7 0 0 0 0 0 0 0 6 0 1 0 3 0 0 0 5 0 0 6 3
0 7 6 9 0 0 0 0 0 0 0 6 0 1 0 3 0 0 1 4 0 0 2 0
0 a 1 c 0 0 0 0 0 0 0 6 0 1 0 3 0 0 1 1 0 0 6 5
0 6 4 9 0 0 0 0 0 0 0 6 0 1 0 3 0 0 1 0 0 0 2 4
0 0 6 e 0 0 0 0 0 0 0 6 0 1 0 3 0 0 0 1 0 0 2 5
0 0 d c 0 0 0 0 0 0 0 6 0 1 0 3 0 0 0 1 0 0 0 a
0 8 5 7 0 0 0 0 0 0 0 6 0 1 0 3 0 0 1 2 0 0 6 e
0 7 7 3 0 0 0 0 0 0 0 6 0 1 0 3 0 0 1 6 0 0 1 4
0 8 0 e 0 0 0 0 0 0 0 6 0 1 0 3 0 0 1 7 0 0 0 3
0 6 6 5 0 0 0 0 0 0 0 6 0 1 0 3 0 0 1 0 0 0 4 c
0 7 7 d 0 0 0 0 0 0 0 6 0 1 0 3 0 0 1 0 0 0 4 a
0 6 5 4 0 0 0 0 0 0 0 6 0 1 0 3 0 0 1 6 0 0 4 7
0 6 7 b 0 0 0 0 0 0 0 6 0 1 0 3 0 0 0 9 0 0 6 d
0 4 7 4 0 0 0 0 0 0 0 6 0 1 0 3 0 0 0 f 0 0 7 4
0 0 5 9 0 0 0 0 0 0 0 6 0 1 0 3 0 0 0 0 0 0 4 8
0 a 2 b 0 0 0 0 0 0 0 6 0 1 0 3 0 0 1 5 0 0 4 f
0 0 1 5 0 0 0 0 0 0 0 6 0 1 0 3 0 0 0 1 0 0 6 0
0 7 e 8 0 0 0 0 0 0 0 6 0 1 0 3 0 0 1 5 0 0 3 c
0 6 0 2 0 0 0 0 0 0 0 6 0 1 0 3 0 0 1 2 0 0 5 2
0 a 5 5 0 0 0 0 0 0 0 6 0 1 0 3 0 0 0 f 0 0 6 4
0 8 b 0 0 0 0 0 0 0 0 6 0 1 0 3 0 0 1 4 0 0 4 5
0 9 a d 0 0 0 0 0 0 0 6 0 1 0 3 0 0 1 5 0 0 5 a
0 1 b 4 0 0 0 0 0 0 0 6 0 1 0 3 0 0 0 2 0 0 6 6
0 8 2 6 0 0 0 0 0 0 0 6 0 1 0 3 0 0 1 6 0 0 5 1
0 9 0 6 0 0 0 0 0 0 0 6 0 1 0 3 0 0 1 0 0 0 2 3
0 7 7 6 0 0 0 0 0 0 0 6 0 1 0 3 0 0 1 2 0 0 5 9
0 1 7 5 0 0 0 0 0 0 0 6 0 1 0 3 0 0 0 3 0 0 4 6
0 7 c d 0 0 0 0 0 0 0 6 0 1 0 3 0 0 1 6 0 0 4 6
0 9 f c 0 0 0 0 0 0 0 6 0 1 0 3 0 0 1 3 0 0 2 e
0 7 b 0 0 0 0 0 0 0 0 6 0 1 0 3 0 0 1 6 0 0 4 2
0 9 a 2 0 0 0 0 0 0 0 6 0 1 0 3 0 0 1 2 0 0 5 c
0 3 d 0 0 0 0 0 0 0 6 0 1 0 3 0 0 0 6 0 0 3 5 0
0 6 5 8 0 0 0 0 0 0 0 6 0 1 0 3 0 0 1 4 0 0 0 f
0 6 4 c 0 0 0 0 0 0 0 6 0 1 0 3 0 0 0 9 0 0 1 8
0 1 6 1 0 0 0 0 0 0 0 6 0 1 0 3 0 0 0 5 0 0 6 3
0 1 c 9 0 0 0 0 0 0 0 6 0 1 0 3 0 0 0 2 0 0 4 9
0 1 9 7 0 0 0 0 0 0 0 6 0 1 0 3 0 0 0 4 0 0 3 7
0 7 d 1 0 0 0 0 0 0 0 6 0 1 0 3 0 0 1 0 0 0 5 3
0 4 7 c 0 0 0 0 0 0 0 6 0 1 0 3 0 0 0 d 0 0 2 2
0 2 1 2 0 0 0 0 0 0 0 6 0 1 0 3 0 0 0 3 0 0 4 c
0 6 9 5 0 0 0 0 0 0 0 6 0 1 0 3 0 0 1 4 0 0 6 a
0 5 8 3 0 0 0 0 0 0 0 6 0 1 0 3 0 0 0 6 0 0 6 5
0 1 a 0 0 0 0 0 0 0 0 6 0 1 0 3 0 0 0 9 0 0 6 3
0 0 5 0 0 0 0 0 0 0 0 6 0 1 0 3 0 0 0 1 0 0 0 6
0 9 d 0 0 0 0 0 0 0 0 6 0 1 0 3 0 0 1 2 0 0 2 0
0 5 9 8 0 0 0 0 0 0 0 6 0 1 0 3 0 0 0 c 0 0 4 3
0 9 9 3 0 0 0 0 0 0 0 6 0 1 0 3 0 0 0 c 0 0 2 5
0 8 0 b 0 0 0 0 0 0 0 6 0 1 0 3 0 0 1 6 0 0 6 7
0 5 4 2 0 0 0 0 0 0 0 6 0 1 0 3 0 0 0 a 0 0 7 3
0 6 c b 0 0 0 0 0 0 0 6 0 1 0 3 0 0 1 5 0 0 2 f
0 4 e 6 0 0 0 0 0 0 0 6 0 1 0 3 0 0 0 e 0 0 4 5
0 6 8 f 0 0 0 0 0 0 0 6 0 1 0 3 0 0 1 6 0 0 4 0
0 a 6 1 0 0 0 0 0 0 0 6 0 1 0 3 0 0 1 2 0 0 0 6
0 9 a d 0 0 0 0 0 0 0 6 0 1 0 3 0 0 1 2 0 0 2 9
0 6 7 7 0 0 0 0 0 0 0 6 0 1 0 3 0 0 1 4 0 0 1 d
0 0 f 2 4 0 0 0 0 0 0 0 6 0 1 0 3 0 0 0 0 0 0 7 0
0 6 d c 0 0 0 0 0 0 0 6 0 1 0 3 0 0 1 6 0 0 4 0
0 3 1 f 0 0 0 0 0 0 0 6 0 1 0 3 0 0 0 7 0 0 2 a
0 8 0 2 0 0 0 0 0 0 0 6 0 1 0 3 0 0 1 6 0 0 5 f
0 6 0 3 0 0 0 0 0 0 0 6 0 1 0 3 0 0 1 4 0 0 4 c
0 7 7 f 0 0 0 0 0 0 0 6 0 1 0 3 0 0 1 2 0 0 2 8
0 5 a 7 0 0 0 0 0 0 0 6 0 1 0 3 0 0 0 c 0 0 3 2
0 6 f a 0 0 0 0 0 0 0 6 0 1 0 3 0 0 1 5 0 0 1 1
0 2 7 f 0 0 0 0 0 0 0 6 0 1 0 3 0 0 0 2 0 0 2 d
0 0 e 3 0 0 0 0 0 0 0 6 0 1 0 3 0 0 0 0 0 0 4 c
0 0 9 0 0 0 6 0 1 0 3 0 0 0 2 0 0 2 8 0 0 0 0 0
0 9 a f 0 0 0 0 0 0 0 6 0 1 0 3 0 0 1 2 0 0 4 4
0 5 7 6 0 0 0 0 0 0 0 6 0 1 0 3 0 0 0 b 0 0 3 5
0 6 6 a 0 0 0 0 0 0 0 6 0 1 0 3 0 0 1 7 0 0 0 3
0 5 8 0 0 0 0 0 0 0 0 6 0 1 0 3 0 0 0 c 0 0 2 0
0 a 0 6 0 0 0 0 0 0 0 6 0 1 0 3 0 0 1 0 0 0 0 4
0 4 5 6 0 0 0 0 0 0 0 6 0 1 0 3 0 0 0 e 0 0 4 3
0 3 f 1 0 0 0 0 0 0 0 6 0 1 0 3 0 0 0 6 0 0 5 c
0 8 3 6 0 0 0 0 0 0 0 6 0 1 0 3 0 0 1 2 0 0 5 3
0 0 e c 0 0 0 0 0 0 0 6 0 1 0 3 0 0 0 0 0 0 6 3
0 6 a 0 0 0 0 0 0 0 0 6 0 1 0 3 0 0 1 1 0 0 6 f
0 a 1 d 0 0 0 0 0 0 0 6 0 1 0 3 0 0 1 6 0 0 3 f
0 0 0 7 0 0 0 0 0 0 0 6 0 1 0 3 0 0 0 0 0 0 5 e
0 8 0 0 0 0 0 0 0 0 0 6 0 1 0 3 0 0 1 0 0 0 3 6
0 2 b 2 0 0 0 0 0 0 0 6 0 1 0 3 0 0 0 2 0 0 3 3
0 6 5 6 0 0 0 0 0 0 0 6 0 1 0 3 0 0 0 e 0 0 1 2
0 3 1 c 0 0 0 0 0 0 0 6 0 1 0 3 0 0 0 2 0 0 5 c
0 7 3 2 5 0 0 0 0 0 0 0 6 0 1 0 3 0 0 0 d 0 0 5 c
0 0 2 6 0 0 0 0 0 0 0 6 0 1 0 3 0 0 0 1 0 0 6 8
0 4 6 3 0 0 0 0 0 0 0 6 0 1 0 3 0 0 0 f 0 0 4 9
0 3 8 5 0 0 0 0 0 0 0 6 0 1 0 3 0 0 0 2 0 0 4 f
0 1 e 4 0 0 0 0 0 0 0 6 0 1 0 3 0 0 0 2 0 0 4 2
0 7 f c 0 0 0 0 0 0 0 6 0 1 0 3 0 0 0 d 0 0 2 3
0 3 f d 0 0 0 0 0 0 0 6 0 1 0 3 0 0 0 8 0 0 1 6
0 a 3 6 0 0 0 0 0 0 0 6 0 1 0 3 0 0 1 6 0 0 6 2
0 a 4 6 0 0 0 0 0 0 0 6 0 1 0 3 0 0 1 4 0 0 3 5
0 1 a d 0 0 0 0 0 0 0 6 0 1 0 3 0 0 0 9 0 0 3 6
0 0 b 5 0 0 0 0 0 0 0 6 0 1 0 3 0 0 0 0 0 0 6 4
0 9 c 8 0 0 0 0 0 0 0 6 0 1 0 3 0 0 1 4 0 0 2 d
0 4 f 2 0 0 0 0 0 0 0 6 0 1 0 3 0 0 0 9 0 0 5 a
0 a 1 e 0 0 0 0 0 0 0 6 0 1 0 3 0 0 1 0 0 0 2 2
0 5 5 7 0 0 0 0 0 0 0 6 0 1 0 3 0 0 0 a 0 0 6 d
0 6 5 2 0 0 0 0 0 0 0 6 0 1 0 3 0 0 0 e 0 0 4 d
0 0 6 7 0 0 0 0 0 0 6 0 1 0 3 0 0 0 0 0 0 5 a 0
0 1 0 0 0 0 0 0 0 0 0 6 0 1 0 3 0 0 0 2 0 0 5 d
0 6 d 2 0 0 0 0 0 0 0 6 0 1 0 3 0 0 1 0 0 0 4 9
0 4 1 c 0 0 0 0 0 0 0 6 0 1 0 3 0 0 0 3 0 0 6 c
0 8 4 7 0 0 0 0 0 0 0 6 0 1 0 3 0 0 1 7 0 0 1 a
0 5 4 3 0 0 0 0 0 0 0 6 0 1 0 3 0 0 0 b 0 0 0 6
0 9 e 8 0 0 0 0 0 0 0 6 0 1 0 3 0 0 1 2 0 0 2 5
0 9 c b c 0 0 0 0 0 0 0 6 0 1 0 3 0 0 1 3 0 0 4 2
0 7 6 4 0 0 0 0 0 0 0 6 0 1 0 3 0 0 1 4 0 0 1 4
0 5 c f 0 0 0 0 0 0 0 6 0 1 0 3 0 0 0 b 0 0 3 4
0 5 4 8 0 0 0 0 0 0 0 6 0 1 0 3 0 0 0 b 0 0 4 f
0 2 2 5 0 0 0 0 0 0 0 6 0 1 0 3 0 0 0 3 0 0 3 a
0 2 7 6 0 0 0 0 0 0 0 6 0 1 0 3 0 0 0 2 0 0 4 2
0 4 1 c 0 0 0 0 0 0 0 6 0 1 0 3 0 0 0 2 0 0 4 4
0 5 e 8 0 0 0 0 0 0 0 6 0 1 0 3 0 0 0 b 0 0 5 6
0 5 a 6 0 0 0 0 0 0 0 6 0 1 0 3 0 0 0 b 0 0 4 2
0 7 6 9 0 0 0 0 0 0 0 6 0 1 0 5 0 0 3 b 0 0 0 1
0 6 9 4 0 0 0 0 0 0 0 6 0 1 0 3 0 0 1 4 0 0 0 9
0 6 8 a 0 0 0 0 0 0 0 6 0 1 0 3 0 0 1 5 0 0 4 5
0 3 f 7 0 0 0 0 0 0 0 6 0 1 0 3 0 0 0 8 0 0 1 7
0 3 2 9 0 0 0 0 0 0 0 6 0 1 0 3 0 0 0 6 0 0 7 9
0 1 3 4 0 0 0 0 0 0 0 6 0 1 0 3 0 0 0 4 0 0 6 7
0 8 c f 0 0 0 0 0 0 0 0 6 0 1 0 2 0 0 1 1 0 0 0
0 4 5 7 0 0 0 0 0 0 0 6 0 1 0 3 0 0 0 f 0 0 4 5
0 a 0 6 0 0 0 0 0 0 0 6 0 1 0 3 0 0 0 b 0 0 5 9
0 3 1 8 0 0 0 0 0 0 0 6 0 1 0 3 0 0 0 6 0 0 5 3
0 1 e 6 0 0 0 0 0 0 0 6 0 1 0 3 0 0 0 2 0 0 6 1
0 1 6 3 0 0 0 0 0 0 0 6 0 1 0 3 0 0 0 5 0 0 6 8
0 1 1 c 0 0 0 0 0 0 0 6 0 1 0 3 0 0 0 8 0 0 1 a
0 3 1 7 0 0 0 0 0 0 0 6 0 1 0 3 0 0 0 4 0 0 4 9
0 6 2 b 0 0 0 0 0 0 0 6 0 1 0 3 0 0 1 4 0 0 7 7
0 6 b 9 0 0 0 0 0 0 0 6 0 1 0 3 0 0 1 0 0 0 4 c
0 2 f 6 0 0 0 0 0 0 0 6 0 1 0 3 0 0 0 4 0 0 4 d
0 a 0 7 0 0 0 0 0 0 0 6 0 1 0 3 0 0 1 0 0 0 4 5
0 6 c 6 0 0 0 0 0 0 0 6 0 1 0 3 0 0 1 6 0 0 3 9
0 8 a b 0 0 0 0 0 0 0 6 0 1 0 3 0 0 1 2 0 0 3 1
0 0 f d 6 0 0 0 0 0 0 0 6 0 1 0 3 0 0 0 1 0 0 2 1
0 5 d 1 0 0 0 0 0 0 0 6 0 1 0 3 0 0 0 c 0 0 3 b
0 3 2 9 0 0 0 0 0 0 0 6 0 1 0 3 0 0 0 8 0 0 0 3
0 7 b 5 0 0 0 0 0 0 0 6 0 1 0 3 0 0 1 6 0 0 2 7
0 8 e c 0 0 0 0 0 0 0 6 0 1 0 3 0 0 1 5 0 0 4 c
0 5 9 3 0 0 0 0 0 0 0 6 0 1 0 3 0 0 0 b 0 0 1 8
0 3 0 b 0 0 0 0 0 0 0 6 0 1 0 3 0 0 0 8 0 0 1 2
0 8 3 9 0 0 0 0 0 0 0 6 0 1 0 3 0 0 1 5 0 0 1 8
0 2 3 6 0 0 0 0 0 0 0 6 0 1 0 3 0 0 0 f 0 0 5 a
0 6 8 c 0 0 0 0 0 0 0 6 0 1 0 3 0 0 0 a 0 0 5 e
0 a 4 3 0 0 0 0 0 0 0 6 0 1 0 3 0 0 1 1 0 0 6 1
0 0 a 8 0 0 0 0 0 0 0 6 0 1 0 3 0 0 0 4 0 0 5 8
0 1 8 6 0 0 0 0 0 0 0 6 0 1 0 3 0 0 0 a 0 0 6 f
0 a 2 f 0 0 0 0 0 0 0 6 0 1 0 3 0 0 1 0 0 0 5 9
0 6 6 c 0 0 0 0 0 0 0 6 0 1 0 3 0 0 0 d 0 0 6 5
0 0 f 3 0 0 0 0 0 0 0 6 0 1 0 3 0 0 0 0 0 0 4 b
0 6 a f 0 0 0 0 0 0 0 6 0 1 0 3 0 0 1 6 0 0 3 6
0 7 e 7 0 0 0 0 0 0 0 6 0 1 0 a 0 0 2 5 0 0 0 0
0 7 0 0 0 0 0 0 0 0 0 6 0 1 0 3 0 0 0 b 0 0 1 6
0 2 c 5 0 0 0 0 0 0 0 6 0 1 0 3 0 0 0 4 0 0 0 6
0 2 8 8 0 0 0 0 0 0 0 6 0 1 0 3 0 0 0 2 0 0 4 a
0 2 3 4 0 0 0 0 0 0 0 6 0 1 0 3 0 0 0 4 0 0 0 b
0 2 a 3 0 0 0 0 0 0 0 6 0 1 0 3 0 0 0 2 0 0 5 0
0 6 5 9 0 0 0 0 0 0 0 6 0 1 0 3 0 0 0 e 0 0 5 a
0 8 a 3 0 0 0 0 0 0 0 6 0 1 0 3 0 0 1 4 0 0 0 2
0 5 b d 0 0 0 0 0 0 0 6 0 1 0 3 0 0 0 a 0 0 2 7
0 1 f 5 0 0 0 0 0 0 0 6 0 1 0 3 0 0 0 2 0 0 4 2
0 6 6 9 0 0 0 0 0 0 0 6 0 1 0 3 0 0 1 0 0 0 4 8
0 2 2 9 0 0 0 0 0 0 0 6 0 1 0 3 0 0 0 5 0 0 6 1
0 4 9 7 0 0 0 0 0 0 0 6 0 1 0 3 0 0 0 a 0 0 7 0
0 8 0 5 0 0 0 0 0 0 0 6 0 1 0 3 0 0 1 6 0 0 6 4
0 0 e 7 0 0 0 0 0 0 0 6 0 1 0 3 0 0 0 0 0 0 1 6
0 3 c d 0 0 0 0 0 0 0 6 0 1 0 3 0 0 0 7 0 0 1 f
0 9 e 7 0 0 0 0 0 0 0 6 0 1 0 3 0 0 1 5 0 0 6 0
0 9 c 3 0 0 0 0 0 0 0 6 0 1 0 3 0 0 1 2 0 0 4 a
0 0 d e 0 0 0 0 0 0 0 6 0 1 0 3 0 0 0 0 0 0 2 9
0 4 9 f 0 0 0 0 0 0 0 6 0 1 0 3 0 0 0 9 0 0 4 4
0 0 1 e 0 0 0 0 0 0 0 6 0 1 0 3 0 0 0 1 0 0 6 5
0 5 3 b 0 0 0 0 0 0 0 6 0 1 0 3 0 0 0 c 0 0 1 2
0 1 4 6 0 0 0 0 0 0 0 6 0 1 0 3 0 0 0 6 0 0 0 9
0 3 5 e 0 0 0 0 0 0 0 6 0 1 0 3 0 0 0 8 0 0 3 a
0 6 e 6 0 0 0 0 0 0 0 6 0 1 0 2 0 0 4 6 0 0 0 1
0 4 a 3 0 0 0 0 0 0 0 6 0 1 0 3 0 0 0 a 0 0 5 9
0 6 0 3 0 0 0 0 0 0 0 6 0 1 0 3 0 0 1 0 0 0 6 f
0 8 f 9 0 0 0 0 0 0 0 6 0 1 0 3 0 0 1 1 0 0 5 b
0 1 2 2 0 0 0 0 0 0 0 6 0 1 0 3 0 0 0 9 0 0 6 9
0 6 5 f 0 0 0 0 0 0 0 6 0 1 0 3 0 0 1 6 0 0 5 a
0 1 b 9 0 0 0 0 0 0 0 6 0 1 0 3 0 0 0 5 0 0 6 5
0 1 5 8 0 0 0 0 0 0 0 6 0 1 0 3 0 0 0 2 0 0 4 d
0 6 a 0 0 0 0 0 0 0 0 6 0 1 0 3 0 0 1 0 0 0 5 2
0 6 5 b 0 0 0 0 0 0 0 6 0 1 0 3 0 0 1 1 0 0 1 e
0 9 2 7 0 0 0 0 0 0 0 6 0 1 0 3 0 0 0 c 0 0 3 9
0 a 0 c 0 0 0 0 0 0 0 6 0 1 0 3 0 0 1 0 0 0 2 4
0 4 0 f 0 0 0 0 0 0 0 6 0 1 0 3 0 0 0 4 0 0 7 0
0 6 7 8 0 0 0 0 0 0 0 6 0 1 0 3 0 0 0 f 0 0 5 9
0 0 9 8 0 0 0 0 0 0 0 6 0 1 0 3 0 0 0 1 0 0 5 c
0 6 f 2 0 0 0 0 0 0 0 6 0 1 0 3 0 0 0 e 0 0 4 8
0 7 0 8 0 0 0 0 0 0 0 6 0 1 0 3 0 0 0 c 0 0 4 c
0 9 a d 0 0 0 0 0 0 0 6 0 1 0 3 0 0 0 d 0 0 2 8
0 7 7 2 8 0 0 0 0 0 0 0 6 0 1 0 3 0 0 1 6 0 0 4 0
0 3 4 3 0 0 0 0 0 0 0 6 0 1 0 3 0 0 0 8 0 0 2 d
0 8 2 7 0 0 0 0 0 0 0 6 0 1 0 3 0 0 1 2 0 0 6 7
0 2 5 9 0 0 0 0 0 0 0 6 0 1 0 3 0 0 0 4 0 0 5 a
0 0 f 0 0 0 0 0 0 0 0 6 0 1 0 3 0 0 0 0 0 0 5 4
0 a 4 1 0 0 0 0 0 0 0 6 0 1 0 3 0 0 1 6 0 0 4 2
0 a 0 0 0 0 0 0 0 0 0 6 0 5 0 6 0 1 0 3 0 0 0 f 0
0 8 5 2 0 0 0 0 0 0 0 6 0 1 0 3 0 0 1 5 0 0 1 5
0 7 9 5 0 0 0 0 0 0 0 6 0 1 0 3 0 0 1 6 0 0 5 2
0 6 9 5 0 0 0 0 0 0 0 6 0 1 0 3 0 0 1 5 0 0 3 5
0 3 d a 0 0 0 0 0 0 0 6 0 1 0 3 0 0 0 6 0 0 4 a
0 4 9 0 0 0 0 0 0 0 0 6 0 1 0 3 0 0 0 a 0 0 6 0
0 9 a 6 0 0 0 0 0 0 0 6 0 1 0 3 0 0 0 d 0 0 6 8
0 1 b 5 0 0 0 0 0 0 0 6 0 1 0 3 0 0 0 4 0 0 4 a
0 9 2 3 0 0 0 0 0 0 0 6 0 1 0 3 0 0 1 6 0 0 3 5
0 1 c 2 0 0 0 0 0 0 0 6 0 1 0 3 0 0 0 4 0 0 5 a
0 0 6 8 0 0 0 0 0 0 0 6 0 1 0 3 0 0 0 0 0 0 1 b
0 5 9 5 0 0 0 0 0 0 0 6 0 1 0 3 0 0 0 b 0 0 2 7
0 2 5 b 0 0 0 0 0 0 0 6 0 1 0 3 0 0 0 2 0 0 7 1
0 9 3 6 0 0 0 0 0 0 0 6 0 1 0 3 0 0 1 1 0 0 6 2
0 8 0 9 0 0 0 0 0 0 0 6 0 1 0 3 0 0 0 a 0 0 6 c
0 9 4 4 0 0 0 0 0 0 0 6 0 1 0 3 0 0 1 6 0 0 2 7
0 a 1 4 0 0 0 0 0 0 0 6 0 1 0 3 0 0 1 6 0 0 4 6
0 0 7 0 0 0 0 0 0 0 0 6 0 1 0 3 0 0 0 8 0 0 5 2
0 3 0 9 0 0 0 0 0 0 0 6 0 1 0 3 0 0 0 6 0 0 2 a
0 5 2 4 0 0 0 0 0 0 0 6 0 1 0 3 0 0 0 0 0 0 4 0
0 3 2 a 0 0 0 0 0 0 0 6 0 1 0 3 0 0 0 7 0 0 4 e
0 4 5 5 0 0 0 0 0 0 0 6 0 1 0 3 0 0 0 a 0 0 5 5
0 4 a a 0 0 0 0 0 0 0 6 0 1 0 3 0 0 0 2 0 0 6 c
0 4 7 6 0 0 0 0 0 0 0 6 0 1 0 3 0 0 0 a 0 0 1 0
0 9 d b 0 0 0 0 0 0 0 6 0 1 0 3 0 0 1 5 0 0 2 5
0 8 e b 0 0 0 0 0 0 0 6 0 1 0 3 0 0 1 4 0 0 5 d
0 1 8 7 0 0 0 0 0 0 0 6 0 1 0 3 0 0 0 2 0 0 5 e
0 a 1 b 0 0 0 0 0 0 0 6 0 1 0 3 0 0 1 4 0 0 0 d
0 4 3 4 0 0 0 0 0 0 0 6 0 1 0 3 0 0 0 8 0 0 5 1
0 9 a 4 0 0 0 0 0 0 0 6 0 1 0 3 0 0 1 3 0 0 4 b
0 5 4 7 0 0 0 0 0 0 0 6 0 1 0 3 0 0 0 c 0 0 4 4
0 5 e 6 0 0 0 0 0 0 0 6 0 1 0 3 0 0 0 c 0 0 1 1
0 4 9 1 0 0 0 0 0 0 0 6 0 1 0 3 0 0 0 d 0 0 6 0
0 2 1 e 0 0 0 0 0 0 0 6 0 1 0 3 0 0 0 3 0 0 4 6
0 3 f 9 0 0 0 0 0 0 0 6 0 1 0 3 0 0 0 7 0 0 0 a
0 8 8 6 0 0 0 0 0 0 0 6 0 1 0 3 0 0 0 e 0 0 2 4
0 9 7 8 0 0 0 0 0 0 0 6 0 1 0 3 0 0 1 2 0 0 6 2
0 5 f 8 0 0 0 0 0 0 0 6 0 1 0 3 0 0 0 a 0 0 3 9
0 1 5 4 0 0 0 0 0 0 0 6 0 1 0 3 0 0 0 4 0 0 6 9
0 8 e 0 0 0 0 0 0 0 0 6 0 1 0 3 0 0 1 0 0 0 6 5
0 4 4 8 0 0 0 0 0 0 0 6 0 1 0 3 0 0 0 3 0 0 4 9
0 4 6 c 0 0 0 0 0 0 0 6 0 1 0 3 0 0 0 a 0 0 3 6
0 2 5 f 0 0 0 0 0 0 0 6 0 1 0 3 0 0 0 3 0 0 5 b
0 1 d 1 0 0 0 0 0 0 0 6 0 1 0 4 0 0 2 5 0 0 0 0
0 0 d 4 0 0 0 0 0 0 0 6 0 1 0 3 0 0 0 1 0 0 4 f
0 4 5 d 0 0 0 0 0 0 0 6 0 1 0 3 0 0 0 f 0 0 7 2
0 6 1 6 0 0 0 0 0 0 0 6 0 1 0 4 0 0 5 b 0 0 0 0
0 a 1 d 0 0 0 0 0 0 0 6 0 1 0 3 0 0 1 0 0 0 3 6
0 2 4 f 0 0 0 0 0 0 0 6 0 1 0 3 0 0 0 1 0 0 4 d
0 5 5 5 0 0 0 0 0 0 0 6 0 1 0 3 0 0 0 c 0 0 5 a
0 3 2 b 0 0 0 0 0 0 0 6 0 1 0 3 0 0 0 4 0 0 5 1
0 7 7 4 0 0 0 0 0 0 0 6 0 1 0 3 0 0 1 6 0 0 0 f
0 5 2 0 0 0 0 0 0 0 0 6 0 1 0 3 0 0 0 b 0 0 6 c
0 5 0 e 0 0 0 0 0 0 0 6 0 1 0 3 0 0 0 c 0 0 2 b
0 6 1 9 0 0 0 0 0 0 0 6 0 1 0 3 0 0 0 d 0 0 5 3
0 7 b 0 0 0 0 0 0 0 0 6 0 1 0 3 0 0 0 e 0 0 5 7
0 4 d 2 0 0 0 0 0 0 0 6 0 1 0 3 0 0 0 e 0 0 1 c
0 5 d 0 0 0 0 0 0 0 0 0 6 0 1 0 3 0 0 0 b 0 0 6 2
0 2 f 6 0 0 0 0 0 0 0 6 0 1 0 3 0 0 0 4 0 0 5 5
0 1 b 5 0 0 0 0 0 0 0 6 0 1 0 3 0 0 0 4 0 0 4 d
0 5 d c 0 0 0 0 0 0 0 6 0 1 0 3 0 0 0 c 0 0 1 4
0 5 1 a 0 0 0 0 0 0 0 6 0 1 0 3 0 0 0 c 0 0 4 9
0 7 b 2 0 0 0 0 0 0 0 6 0 1 0 3 0 0 1 0 0 0 0 3
0 8 4 d 0 0 0 0 0 0 0 6 0 1 0 3 0 0 1 5 0 0 4 4
0 9 0 f 0 0 0 0 0 0 0 6 0 1 0 3 0 0 1 0 0 0 6 3
0 5 f 9 0 0 0 0 0 0 0 6 0 1 0 3 0 0 0 b 0 0 6 5
0 5 2 3 0 0 0 0 0 0 0 6 0 1 0 3 0 0 0 b 0 0 4 5
0 2 2 4 0 0 0 0 0 0 0 6 0 1 0 3 0 0 0 2 0 0 2 5
0 3 b 6 0 0 0 0 0 0 0 6 0 1 0 3 0 0 0 6 0 0 2 4
0 5 6 2 0 0 0 0 0 0 0 6 0 1 0 3 0 0 0 c 0 0 4 c
0 2 8 2 0 0 0 0 0 0 0 6 0 1 0 3 0 0 0 4 0 0 4 d
0 5 b c 0 0 0 0 0 0 0 6 0 1 0 3 0 0 0 c 0 0 4 5
0 6 e 4 0 0 0 0 0 0 0 6 0 1 0 3 0 0 1 0 0 0 5 6
0 a 0 9 0 0 0 0 0 0 0 6 0 1 0 3 0 0 1 1 0 0 5 7
0 9 1 e 0 0 0 0 0 0 0 6 0 1 0 3 0 0 1 0 0 0 4 6
0 8 a 1 0 0 0 0 0 0 0 6 0 1 0 3 0 0 1 5 0 0 3 6
0 3 1 4 0 0 0 0 0 0 0 6 0 1 0 3 0 0 0 7 0 0 1 e
0 8 e 5 0 0 0 0 0 0 0 6 0 1 0 3 0 0 1 3 0 0 0 6
0 5 5 1 0 0 0 0 0 0 0 6 0 1 0 3 0 0 0 c 0 0 4 c
0 2 f 0 0 0 0 0 0 0 0 6 0 1 0 3 0 0 0 f 0 0 4 1
0 4 4 0 0 0 0 0 0 0 0 6 0 1 0 3 0 0 0 8 0 0 2 1
0 3 9 7 0 0 0 0 0 0 0 6 0 1 0 3 0 0 0 6 0 0 4 4
0 6 c 1 0 0 0 0 0 0 0 6 0 1 0 3 0 0 1 6 0 0 4 b
0 4 6 3 0 0 0 0 0 0 0 6 0 1 0 3 0 0 0 9 0 0 5 0
0 8 5 e 0 0 0 0 0 0 0 6 0 1 0 3 0 0 1 5 0 0 5 a
0 1 f 2 0 0 0 0 0 0 0 6 0 1 0 3 0 0 0 8 0 0 4 7
0 8 7 3 0 0 0 0 0 0 0 6 0 1 0 3 0 0 0 a 0 0 4 2
0 7 0 b 0 0 0 0 0 0 0 6 0 1 0 3 0 0 0 9 0 0 4 9
0 4 8 2 0 0 0 0 0 0 0 6 0 1 0 3 0 0 0 9 0 0 5 2
0 2 8 7 0 0 0 0 0 0 0 6 0 1 0 3 0 0 0 3 0 0 5 5
0 5 e a 0 0 0 0 0 0 0 6 0 1 0 3 0 0 0 b 0 0 2 9
0 2 4 4 0 0 0 0 0 0 0 6 0 1 0 3 0 0 0 3 0 0 2 2
0 6 c 9 0 0 0 0 0 0 0 6 0 1 0 3 0 0 1 6 0 0 1 c
0 2 f f 0 0 0 0 0 0 0 6 0 1 0 3 0 0 0 8 0 0 3 a
0 8 d 1 0 0 0 0 0 0 0 6 0 1 0 3 0 0 1 4 0 0 3 8
0 4 3 2 0 0 0 0 0 0 0 6 0 1 0 3 0 0 0 8 0 0 4 5
0 9 f 4 7 0 0 0 0 0 0 0 6 0 1 0 3 0 0 1 4 0 0 6 8
0 7 e 4 0 0 0 0 0 0 0 6 0 1 0 3 0 0 0 6 0 0 7 3
0 9 f f 0 0 0 0 0 0 0 6 0 1 0 3 0 0 1 2 0 0 0 f
0 2 1 f 0 0 0 0 0 0 0 6 0 1 0 3 0 0 0 5 0 0 7 6
0 1 d 7 0 0 0 0 0 0 0 6 0 1 0 3 0 0 0 4 0 0 4 1
0 9 1 6 0 0 0 0 0 0 0 6 0 1 0 3 0 0 1 3 0 0 0 6
0 8 e c 0 0 0 0 0 0 0 6 0 1 0 3 0 0 1 2 0 0 5 c
0 4 c a 0 0 0 0 0 0 0 6 0 1 0 3 0 0 0 a 0 0 1 d
0 8 a 5 0 0 0 0 0 0 0 6 0 1 0 3 0 0 1 2 0 0 5 d
0 3 a 5 0 0 0 0 0 0 0 6 0 1 0 3 0 0 0 7 0 0 5 f
0 9 5 9 0 0 0 0 0 0 0 6 0 1 0 3 0 0 1 5 0 0 2 5
0 7 c f 0 0 0 0 0 0 0 6 0 1 0 3 0 0 1 0 0 0 6 2
0 2 1 5 0 0 0 0 0 0 0 6 0 1 0 3 0 0 0 a 0 0 2 b
0 0 d 7 0 0 0 0 0 0 0 6 0 1 0 3 0 0 0 1 0 0 5 9
0 4 5 5 0 0 0 0 0 0 0 6 0 1 0 3 0 0 0 f 0 0 5 9
0 7 7 f 0 0 0 0 0 0 0 6 0 1 0 3 0 0 1 6 0 0 4 f
0 5 c 2 0 0 0 0 0 0 0 6 0 1 0 3 0 0 0 c 0 0 4 8
0 1 8 2 0 0 0 0 0 0 0 6 0 1 0 3 0 0 0 5 0 0 4 c
0 5 c c 0 0 0 0 0 0 0 6 0 1 0 3 0 0 0 c 0 0 4 4
0 5 2 6 0 0 0 0 0 0 0 6 0 1 0 3 0 0 0 c 0 0 1 b
0 7 8 8 0 0 0 0 0 0 0 6 0 1 0 3 0 0 1 4 0 0 3 0
0 0 e 0 0 0 0 0 0 0 0 6 0 1 0 3 0 0 0 1 0 0 7 0
0 6 6 4 0 0 0 0 0 0 0 6 0 1 0 3 0 0 1 0 0 0 3 4
0 6 d 5 0 0 0 0 0 0 0 6 0 1 0 3 0 0 1 0 0 0 0 8
0 2 8 9 0 0 0 0 0 0 0 6 0 1 0 3 0 0 0 6 0 0 0 5
0 9 9 9 0 0 0 0 0 0 0 6 0 1 0 3 0 0 1 2 0 0 4 9
0 2 c e 0 0 0 0 0 0 0 6 0 1 0 3 0 0 0 4 0 0 6 0
0 6 1 2 0 0 0 0 0 0 0 6 0 1 0 3 0 0 0 f 0 0 5 2
0 9 6 8 0 0 0 0 0 0 0 6 0 1 0 3 0 0 1 4 0 0 5 b
0 9 1 a 0 0 0 0 0 0 0 6 0 1 0 3 0 0 1 5 0 0 2 2
0 4 9 d 0 0 0 0 0 0 0 6 0 1 0 3 0 0 0 9 0 0 6 8
0 5 5 1 0 0 0 0 0 0 0 6 0 1 0 3 0 0 0 c 0 0 5 f
0 2 9 1 0 0 0 0 0 0 0 6 0 1 0 3 0 0 0 5 0 0 6 2
0 1 c 5 0 0 0 0 0 0 0 6 0 1 0 3 0 0 0 7 0 0 1 3
0 1 2 b 0 0 0 0 0 0 0 6 0 1 0 3 0 0 0 4 0 0 3 3
0 1 6 9 0 0 0 0 0 0 0 6 0 1 0 3 0 0 0 5 0 0 4 8
0 8 3 5 0 0 0 0 0 0 0 6 0 1 0 3 0 0 1 5 0 0 5 b
0 8 0 9 0 0 0 0 0 0 0 6 0 1 0 3 0 0 0 c 0 0 5 6
0 9 e 6 0 0 0 0 0 0 0 6 0 1 0 3 0 0 1 2 0 0 3 2
0 5 9 3 0 0 0 0 0 0 0 6 0 1 0 3 0 0 0 c 0 0 4 5
0 1 5 9 0 0 0 0 0 0 0 6 0 1 0 3 0 0 0 5 0 0 3 4
0 1 8 6 0 0 0 0 0 0 0 6 0 1 0 3 0 0 0 4 0 0 6 c
0 4 8 c 0 0 0 0 0 0 0 6 0 1 0 3 0 0 0 f 0 0 4 d
0 7 a 1 0 0 0 0 0 0 0 6 0 1 0 3 0 0 1 1 0 0 5 d
0 3 1 c 0 0 0 0 0 0 0 6 0 1 0 3 0 0 0 6 0 0 4 5
0 8 9 6 0 0 0 0 0 0 0 6 0 1 0 3 0 0 1 2 0 0 4 9
0 8 f 5 0 0 0 0 0 0 0 6 0 1 0 3 0 0 1 2 0 0 5 c
0 0 0 2 0 0 0 0 0 0 0 8 0 0 0 b 0 0 0 0 0 0 0 6
0 2 3 2 0 0 0 0 0 0 0 6 0 1 0 3 0 0 0 4 0 0 2 2
0 7 c a 0 0 0 0 0 0 0 6 0 1 0 3 0 0 1 4 0 0 1 2
0 1 c 4 0 0 0 0 0 0 0 6 0 1 0 3 0 0 0 7 0 0 5 b
0 0 d 7 0 0 0 0 0 0 0 6 0 1 0 3 0 0 0 0 0 0 3 3
0 3 3 1 0 0 0 0 0 0 0 6 0 1 0 3 0 0 0 1 0 0 4 8
0 a 2 5 0 0 0 0 0 0 0 6 0 1 0 3 0 0 1 0 0 0 6 c
0 1 9 7 0 0 0 0 0 0 0 6 0 1 0 3 0 0 0 2 0 0 2 f
0 3 8 a 0 0 0 0 0 0 0 6 0 1 0 3 0 0 0 7 0 0 5 3
0 7 1 9 0 0 0 0 0 0 0 6 0 1 0 3 0 0 0 e 0 0 0 3
0 3 2 9 0 0 0 0 0 0 0 6 0 1 0 3 0 0 0 6 0 1 0 3 0
0 1 b 8 0 0 0 0 0 0 0 6 0 1 0 3 0 0 0 8 0 0 6 8
0 0 0 b 0 0 0 0 0 0 0 6 0 1 0 3 0 0 0 7 0 0 6 1 0
0 1 e 4 0 0 0 0 0 0 0 6 0 1 0 3 0 0 0 6 0 0 3 6
0 6 b 5 0 0 0 0 0 0 0 6 0 1 0 3 0 0 1 8 0 0 1 0
0 2 0 5 0 0 0 0 0 0 0 6 0 1 0 3 0 0 0 6 0 0 4 7
0 4 4 5 0 0 0 0 0 0 0 6 0 1 0 3 0 0 0 3 0 0 6 6
0 3 b a 0 0 0 0 0 0 0 6 0 1 0 3 0 0 0 7 0 0 5 a
0 6 f f 0 0 0 0 0 0 0 6 0 1 0 3 0 0 1 4 0 0 0 6
0 1 6 1 0 0 0 0 0 0 0 6 0 1 0 3 0 0 0 2 0 0 0 6
0 6 7 b 0 0 0 0 0 0 0 6 0 1 0 3 0 0 1 6 0 0 4 b
0 5 c 7 0 0 0 0 0 0 0 6 0 1 0 3 0 0 0 b 0 0 5 1
0 5 5 e 0 0 0 0 0 0 0 6 0 1 0 3 0 0 0 a 0 0 5 2
0 1 d 2 0 0 0 0 0 0 0 6 0 1 0 3 0 0 0 5 0 0 2 b
0 0 b b 0 0 0 0 0 0 0 6 0 1 0 3 0 0 0 1 0 0 2 0
0 9 3 a 0 0 0 0 0 0 0 6 0 1 0 3 0 0 1 2 0 0 4 9
0 0 c 7 0 0 0 0 0 0 0 6 0 1 0 3 0 0 0 1 0 0 0 c
0 5 2 e 0 0 0 0 0 0 0 6 0 1 0 3 0 0 0 b 0 0 4 9
0 8 4 9 0 0 0 0 0 0 0 6 0 1 0 3 0 0 1 5 0 0 4 d
0 0 9 7 0 0 0 0 0 0 0 6 0 1 0 3 0 0 0 1 0 0 6 4
0 4 b e 0 0 0 0 0 0 0 6 0 1 0 3 0 0 0 f 0 0 6 e
0 6 0 a 0 0 0 0 0 0 0 6 0 1 0 3 0 0 1 0 0 0 4 e
0 8 2 b 0 0 0 0 0 0 0 6 0 1 0 3 0 0 1 0 0 0 5 7
0 1 3 d 0 0 0 0 0 0 0 6 0 1 0 3 0 0 0 5 0 0 7 0
0 5 0 3 0 0 0 0 0 0 0 6 0 1 0 3 0 0 0 c 0 0 3 9
0 8 0 e 0 0 0 0 0 0 0 6 0 1 0 3 0 0 1 0 0 0 3 d
0 6 5 3 0 0 0 0 0 0 0 6 0 1 0 3 0 0 1 6 0 0 5 2
0 0 d 4 0 0 0 0 0 0 0 6 0 1 0 3 0 0 0 2 0 0 6 2
0 3 3 c 0 0 0 0 0 0 0 6 0 1 0 3 0 0 0 6 0 0 7 1
0 2 9 0 0 0 0 0 0 0 0 6 0 1 0 3 0 0 0 3 0 0 4 e
0 8 0 e 0 0 0 0 0 0 0 6 0 1 0 3 0 0 1 0 0 0 0 4
0 2 e 5 0 0 0 0 0 0 0 6 0 1 0 3 0 0 0 3 0 0 0 b
0 2 c 3 0 0 0 0 0 0 0 6 0 1 0 3 0 0 0 2 0 0 2 d
0 6 1 c 0 0 0 0 0 0 0 6 0 1 0 3 0 0 1 0 0 0 4 4
0 6 7 c 0 0 0 0 0 0 0 6 0 1 0 3 0 0 0 f 0 0 6 5
0 6 3 8 0 0 0 0 0 0 0 6 0 1 0 3 0 0 1 1 0 0 4 7
0 6 3 5 0 0 0 0 0 0 0 6 0 1 0 3 0 0 0 e 0 0 4 2
0 2 3 6 0 0 0 0 0 0 0 6 0 1 0 3 0 0 0 2 0 0 4 f
0 6 1 a 0 0 0 0 0 0 0 6 0 1 0 3 0 0 0 c 0 0 1 4
0 4 2 b 0 0 0 0 0 0 0 6 0 1 0 3 0 0 0 2 0 0 5 6
0 0 6 b 0 0 0 0 0 0 0 6 0 1 0 3 0 0 0 1 0 0 3 e
0 0 e d 0 0 0 0 0 0 0 6 0 1 0 3 0 0 0 1 0 0 5 9
0 a 1 e 0 0 0 0 0 0 0 6 0 1 0 3 0 0 0 e 0 0 2 3
0 6 9 6 0 0 0 0 0 0 0 6 0 1 0 3 0 0 1 7 0 0 0 6
0 6 a 1 0 0 0 0 0 0 0 6 0 1 0 3 0 0 1 0 0 0 3 c
0 2 5 a 0 0 0 0 0 0 0 6 0 1 0 3 0 0 0 8 0 0 4 3
0 9 c 9 0 0 0 0 0 0 0 6 0 1 0 3 0 0 1 4 0 0 2 9
0 4 2 5 0 0 0 0 0 0 0 6 0 1 0 3 0 0 0 2 0 0 4 c
0 2 4 6 0 0 0 0 0 0 0 6 0 1 0 3 0 0 0 5 0 0 5 5
0 7 b 5 0 0 0 0 0 0 0 6 0 1 0 3 0 0 1 0 0 0 4 5
